Time_ms	C1 Voltage_mV
-5.003985E+0	2.250001E+0
-4.877985E+0	2.250001E+0
-4.751985E+0	1.937501E+0
-4.625985E+0	1.937501E+0
-4.499985E+0	1.937501E+0
-4.373985E+0	2.562501E+0
-4.247985E+0	2.562501E+0
-4.121985E+0	1.937501E+0
-3.995985E+0	2.562501E+0
-3.869985E+0	1.937501E+0
-3.743985E+0	2.562501E+0
-3.617985E+0	2.562501E+0
-3.491985E+0	2.250001E+0
-3.365985E+0	2.250001E+0
-3.239985E+0	2.562501E+0
-3.113985E+0	1.625001E+0
-2.987985E+0	2.562501E+0
-2.861985E+0	1.937501E+0
-2.735985E+0	2.562501E+0
-2.609985E+0	2.562501E+0
-2.483985E+0	1.937501E+0
-2.357985E+0	2.250001E+0
-2.231985E+0	1.937501E+0
-2.105985E+0	1.937501E+0
-1.979985E+0	1.937501E+0
-1.853985E+0	1.625001E+0
-1.727985E+0	2.875001E+0
-1.601985E+0	1.625001E+0
-1.475985E+0	1.937501E+0
-1.349985E+0	1.937501E+0
-1.223985E+0	1.312501E+0
-1.097985E+0	1.937501E+0
-9.719854E-1	2.250001E+0
-8.459854E-1	2.562501E+0
-7.199854E-1	2.562501E+0
-5.939854E-1	2.562501E+0
-4.679854E-1	1.937501E+0
-3.419854E-1	1.937501E+0
-2.159854E-1	2.562501E+0
-8.998539E-2	1.937501E+0
3.601461E-2	1.937501E+0
1.620146E-1	2.250001E+0
2.880146E-1	2.562501E+0
4.140146E-1	2.875001E+0
5.400146E-1	2.250001E+0
6.660146E-1	1.937501E+0
7.920146E-1	1.937501E+0
9.180146E-1	1.937501E+0
1.044015E+0	2.250001E+0
1.170015E+0	1.937501E+0
1.296015E+0	1.937501E+0
1.422015E+0	1.937501E+0
1.548015E+0	1.312501E+0
1.674015E+0	2.562501E+0
1.800015E+0	1.937501E+0
1.926015E+0	2.250001E+0
2.052015E+0	1.625001E+0
2.178015E+0	2.250001E+0
2.304015E+0	1.937501E+0
2.430015E+0	1.937501E+0
2.556015E+0	1.937501E+0
2.682015E+0	1.312501E+0
2.808015E+0	1.625001E+0
2.934015E+0	1.625001E+0
3.060015E+0	1.937501E+0
3.186015E+0	2.562501E+0
3.312015E+0	1.937501E+0
3.438015E+0	2.250001E+0
3.564015E+0	2.562501E+0
3.690015E+0	1.937501E+0
3.816015E+0	2.250001E+0
3.942015E+0	2.875001E+0
4.068015E+0	1.937501E+0
4.194015E+0	2.250001E+0
4.320015E+0	2.562501E+0
4.446015E+0	1.625001E+0
4.572015E+0	1.937501E+0
4.698015E+0	1.625001E+0
4.824015E+0	2.562501E+0
4.950015E+0	2.562501E+0
5.076015E+0	1.937501E+0
5.202015E+0	2.562501E+0
5.328015E+0	2.250001E+0
5.454015E+0	1.937501E+0
5.580015E+0	2.562501E+0
5.706015E+0	1.937501E+0
5.832015E+0	2.250001E+0
5.958015E+0	2.875001E+0
6.084015E+0	2.250001E+0
6.210015E+0	2.250001E+0
6.336015E+0	1.937501E+0
6.462015E+0	1.625001E+0
6.588015E+0	2.562501E+0
6.714015E+0	1.937501E+0
6.840015E+0	2.562501E+0
6.966015E+0	2.562501E+0
7.092015E+0	2.250001E+0
7.218015E+0	2.250001E+0
7.344015E+0	1.937501E+0
7.470015E+0	2.250001E+0
7.596015E+0	1.625001E+0
7.722015E+0	1.937501E+0
7.848015E+0	2.562501E+0
7.974015E+0	1.625001E+0
8.100015E+0	2.562501E+0
8.226015E+0	2.250001E+0
8.352015E+0	2.562501E+0
8.478015E+0	1.625001E+0
8.604015E+0	2.250001E+0
8.730015E+0	1.625001E+0
8.856015E+0	1.937501E+0
8.982015E+0	1.937501E+0
9.108015E+0	2.562501E+0
9.234015E+0	2.250001E+0
9.360015E+0	1.937501E+0
9.486015E+0	1.937501E+0
9.612015E+0	1.937501E+0
9.738015E+0	1.625001E+0
9.864015E+0	2.562501E+0
9.990015E+0	1.937501E+0
1.011601E+1	2.250001E+0
1.024201E+1	1.937501E+0
1.036801E+1	2.562501E+0
1.049401E+1	1.937501E+0
1.062001E+1	2.562501E+0
1.074601E+1	2.250001E+0
1.087201E+1	1.937501E+0
1.099801E+1	2.250001E+0
1.112401E+1	2.875001E+0
1.125001E+1	2.562501E+0
1.137601E+1	1.937501E+0
1.150201E+1	2.875001E+0
1.162801E+1	1.937501E+0
1.175401E+1	1.937501E+0
1.188001E+1	1.937501E+0
1.200601E+1	1.937501E+0
1.213201E+1	2.250001E+0
1.225801E+1	1.625001E+0
1.238401E+1	1.937501E+0
1.251001E+1	1.937501E+0
1.263601E+1	1.625001E+0
1.276201E+1	2.250001E+0
1.288801E+1	1.625001E+0
1.301401E+1	1.937501E+0
1.314001E+1	2.250001E+0
1.326601E+1	2.250001E+0
1.339201E+1	1.937501E+0
1.351801E+1	2.250001E+0
1.364401E+1	1.937501E+0
1.377001E+1	2.250001E+0
1.389601E+1	2.562501E+0
1.402201E+1	1.625001E+0
1.414801E+1	1.937501E+0
1.427401E+1	2.250001E+0
1.440001E+1	1.937501E+0
1.452601E+1	1.937501E+0
1.465201E+1	2.250001E+0
1.477801E+1	1.937501E+0
1.490401E+1	1.937501E+0
1.503001E+1	2.562501E+0
1.515601E+1	1.625001E+0
1.528201E+1	1.937501E+0
1.540801E+1	2.250001E+0
1.553401E+1	2.562501E+0
1.566001E+1	2.250001E+0
1.578601E+1	1.625001E+0
1.591201E+1	2.250001E+0
1.603801E+1	2.562501E+0
1.616401E+1	1.937501E+0
1.629001E+1	1.937501E+0
1.641601E+1	1.937501E+0
1.654201E+1	2.250001E+0
1.666801E+1	1.937501E+0
1.679401E+1	2.562501E+0
1.692001E+1	2.250001E+0
1.704601E+1	2.875001E+0
1.717201E+1	2.250001E+0
1.729801E+1	2.250001E+0
1.742401E+1	2.562501E+0
1.755001E+1	1.937501E+0
1.767601E+1	1.937501E+0
1.780201E+1	1.937501E+0
1.792801E+1	2.250001E+0
1.805401E+1	2.875001E+0
1.818001E+1	2.562501E+0
1.830601E+1	2.562501E+0
1.843201E+1	2.562501E+0
1.855801E+1	2.562501E+0
1.868401E+1	2.250001E+0
1.881001E+1	2.562501E+0
1.893601E+1	2.562501E+0
1.906201E+1	1.937501E+0
1.918801E+1	2.562501E+0
1.931401E+1	2.250001E+0
1.944001E+1	1.937501E+0
1.956601E+1	1.937501E+0
1.969201E+1	1.937501E+0
1.981801E+1	1.625001E+0
1.994401E+1	2.562501E+0
2.007001E+1	2.250001E+0
2.019601E+1	2.562501E+0
2.032201E+1	1.937501E+0
2.044801E+1	1.625001E+0
2.057401E+1	1.937501E+0
2.070001E+1	1.937501E+0
2.082601E+1	2.250001E+0
2.095201E+1	1.625001E+0
2.107801E+1	2.562501E+0
2.120401E+1	2.562501E+0
2.133001E+1	2.250001E+0
2.145601E+1	2.250001E+0
2.158201E+1	1.937501E+0
2.170801E+1	1.937501E+0
2.183401E+1	1.625001E+0
2.196001E+1	1.625001E+0
2.208601E+1	1.937501E+0
2.221201E+1	1.937501E+0
2.233801E+1	2.250001E+0
2.246401E+1	2.562501E+0
2.259001E+1	1.937501E+0
2.271601E+1	2.562501E+0
2.284201E+1	2.250001E+0
2.296801E+1	2.250001E+0
2.309401E+1	1.937501E+0
2.322001E+1	2.250001E+0
2.334601E+1	2.562501E+0
2.347201E+1	1.625001E+0
2.359801E+1	2.250001E+0
2.372401E+1	2.250001E+0
2.385001E+1	2.250001E+0
2.397601E+1	1.937501E+0
2.410201E+1	2.250001E+0
2.422801E+1	2.562501E+0
2.435401E+1	1.937501E+0
2.448001E+1	2.875001E+0
2.460601E+1	1.937501E+0
2.473201E+1	2.562501E+0
2.485801E+1	2.562501E+0
2.498401E+1	2.562501E+0
2.511001E+1	2.250001E+0
2.523601E+1	2.562501E+0
2.536201E+1	1.937501E+0
2.548801E+1	2.250001E+0
2.561401E+1	2.250001E+0
2.574001E+1	2.562501E+0
2.586601E+1	1.625001E+0
2.599201E+1	2.562501E+0
2.611801E+1	1.625001E+0
2.624401E+1	2.250001E+0
2.637001E+1	1.937501E+0
2.649601E+1	1.625001E+0
2.662201E+1	2.562501E+0
2.674801E+1	2.250001E+0
2.687401E+1	2.250001E+0
2.700001E+1	1.937501E+0
2.712601E+1	2.562501E+0
2.725201E+1	2.562501E+0
2.737801E+1	2.250001E+0
2.750401E+1	2.250001E+0
2.763001E+1	2.250001E+0
2.775601E+1	1.937501E+0
2.788201E+1	2.562501E+0
2.800801E+1	2.250001E+0
2.813401E+1	3.187501E+0
2.826001E+1	2.250001E+0
2.838601E+1	2.562501E+0
2.851201E+1	1.937501E+0
2.863801E+1	1.937501E+0
2.876401E+1	2.250001E+0
2.889001E+1	2.250001E+0
2.901601E+1	2.562501E+0
2.914201E+1	2.250001E+0
2.926801E+1	2.875001E+0
2.939401E+1	2.250001E+0
2.952001E+1	1.625001E+0
2.964601E+1	1.937501E+0
2.977201E+1	1.937501E+0
2.989801E+1	1.937501E+0
3.002401E+1	2.875001E+0
3.015001E+1	1.937501E+0
3.027601E+1	2.250001E+0
3.040201E+1	1.937501E+0
3.052801E+1	1.312501E+0
3.065401E+1	1.937501E+0
3.078001E+1	2.562501E+0
3.090601E+1	2.562501E+0
3.103201E+1	1.937501E+0
3.115801E+1	2.875001E+0
3.128401E+1	2.250001E+0
3.141001E+1	2.562501E+0
3.153601E+1	1.625001E+0
3.166201E+1	1.937501E+0
3.178801E+1	2.562501E+0
3.191401E+1	1.937501E+0
3.204001E+1	1.937501E+0
3.216601E+1	1.937501E+0
3.229201E+1	2.250001E+0
3.241801E+1	2.875001E+0
3.254401E+1	2.562501E+0
3.267001E+1	1.937501E+0
3.279601E+1	2.250001E+0
3.292201E+1	2.250001E+0
3.304801E+1	1.937501E+0
3.317401E+1	2.250001E+0
3.330001E+1	2.562501E+0
3.342601E+1	2.250001E+0
3.355201E+1	1.625001E+0
3.367801E+1	1.937501E+0
3.380401E+1	1.937501E+0
3.393001E+1	1.625001E+0
3.405601E+1	2.562501E+0
3.418201E+1	1.625001E+0
3.430801E+1	1.937501E+0
3.443401E+1	2.562501E+0
3.456001E+1	1.937501E+0
3.468601E+1	1.937501E+0
3.481201E+1	2.250001E+0
3.493801E+1	1.312501E+0
3.506401E+1	1.937501E+0
3.519001E+1	1.937501E+0
3.531601E+1	2.250001E+0
3.544201E+1	2.562501E+0
3.556801E+1	1.625001E+0
3.569401E+1	1.937501E+0
3.582001E+1	1.937501E+0
3.594601E+1	1.937501E+0
3.607201E+1	2.250001E+0
3.619801E+1	2.562501E+0
3.632401E+1	2.250001E+0
3.645001E+1	2.562501E+0
3.657601E+1	2.562501E+0
3.670201E+1	2.562501E+0
3.682801E+1	2.562501E+0
3.695401E+1	1.937501E+0
3.708001E+1	2.250001E+0
3.720601E+1	1.625001E+0
3.733201E+1	1.937501E+0
3.745801E+1	2.250001E+0
3.758401E+1	2.250001E+0
3.771001E+1	1.937501E+0
3.783601E+1	2.250001E+0
3.796201E+1	1.312501E+0
3.808801E+1	2.562501E+0
3.821401E+1	2.250001E+0
3.834001E+1	2.562501E+0
3.846601E+1	1.312501E+0
3.859201E+1	1.937501E+0
3.871801E+1	1.937501E+0
3.884401E+1	1.937501E+0
3.897001E+1	2.250001E+0
3.909601E+1	2.562501E+0
3.922201E+1	1.937501E+0
3.934801E+1	1.937501E+0
3.947401E+1	2.562501E+0
3.960001E+1	1.937501E+0
3.972601E+1	1.625001E+0
3.985201E+1	2.562501E+0
3.997801E+1	1.937501E+0
4.010401E+1	2.250001E+0
4.023001E+1	2.250001E+0
4.035601E+1	2.250001E+0
4.048201E+1	2.250001E+0
4.060801E+1	1.937501E+0
4.073401E+1	1.937501E+0
4.086001E+1	2.250001E+0
4.098601E+1	2.875001E+0
4.111201E+1	2.250001E+0
4.123801E+1	1.937501E+0
4.136401E+1	2.562501E+0
4.149001E+1	2.250001E+0
4.161601E+1	1.937501E+0
4.174201E+1	1.625001E+0
4.186801E+1	1.937501E+0
4.199401E+1	1.937501E+0
4.212001E+1	2.562501E+0
4.224601E+1	1.625001E+0
4.237201E+1	2.562501E+0
4.249801E+1	1.937501E+0
4.262401E+1	2.250001E+0
4.275001E+1	2.250001E+0
4.287601E+1	1.937501E+0
4.300201E+1	2.250001E+0
4.312801E+1	1.625001E+0
4.325401E+1	2.250001E+0
4.338001E+1	2.875001E+0
4.350601E+1	1.937501E+0
4.363201E+1	1.937501E+0
4.375801E+1	2.562501E+0
4.388401E+1	1.937501E+0
4.401001E+1	2.250001E+0
4.413601E+1	1.937501E+0
4.426201E+1	1.937501E+0
4.438801E+1	2.562501E+0
4.451401E+1	1.625001E+0
4.464001E+1	1.937501E+0
4.476601E+1	2.875001E+0
4.489201E+1	1.625001E+0
