8.46000000E+2	-8.79236489E+1
8.46004500E+2	-8.75062765E+1
8.46009000E+2	-8.78294933E+1
8.46013500E+2	-8.81059046E+1
8.46018000E+2	-8.77569991E+1
8.46022500E+2	-8.79677169E+1
8.46027000E+2	-8.71296488E+1
8.46031500E+2	-8.73259457E+1
8.46036000E+2	-8.64707942E+1
8.46040500E+2	-8.71810801E+1
8.46045000E+2	-8.76266366E+1
8.46049500E+2	-8.76391307E+1
8.46054000E+2	-8.77109831E+1
8.46058500E+2	-8.78610344E+1
8.46063000E+2	-8.71132063E+1
8.46067500E+2	-8.77662395E+1
8.46072000E+2	-8.76207358E+1
8.46076500E+2	-8.73819742E+1
8.46081000E+2	-8.78873422E+1
8.46085500E+2	-8.79061751E+1
8.46090000E+2	-8.77106977E+1
8.46094500E+2	-8.79185421E+1
8.46099000E+2	-8.80230285E+1
8.46103500E+2	-8.71158382E+1
8.46108000E+2	-8.72768496E+1
8.46112500E+2	-8.73975339E+1
8.46117000E+2	-8.78622659E+1
8.46121500E+2	-8.79457546E+1
8.46126000E+2	-8.82054531E+1
8.46130500E+2	-8.78739658E+1
8.46135000E+2	-8.79267430E+1
8.46139500E+2	-8.69677207E+1
8.46144000E+2	-8.72752122E+1
8.46148500E+2	-8.79008174E+1
8.46153000E+2	-8.66379670E+1
8.46157500E+2	-8.70826704E+1
8.46162000E+2	-8.73052537E+1
8.46166500E+2	-8.75516056E+1
8.46171000E+2	-8.83921155E+1
8.46175500E+2	-8.75551665E+1
8.46180000E+2	-8.81675838E+1
8.46184500E+2	-8.69539715E+1
8.46189000E+2	-8.77556507E+1
8.46193500E+2	-8.74143258E+1
8.46198000E+2	-8.75843455E+1
8.46202500E+2	-8.75079896E+1
8.46207000E+2	-8.76958862E+1
8.46211500E+2	-8.71970918E+1
8.46216000E+2	-8.77852563E+1
8.46220500E+2	-8.68914984E+1
8.46225000E+2	-8.81795611E+1
8.46229500E+2	-8.67143520E+1
8.46234000E+2	-8.71330336E+1
8.46238500E+2	-8.74436452E+1
8.46243000E+2	-8.72328451E+1
8.46247500E+2	-8.81784179E+1
8.46252000E+2	-8.81213014E+1
8.46256500E+2	-8.78702865E+1
8.46261000E+2	-8.68626081E+1
8.46265500E+2	-8.81557238E+1
8.46270000E+2	-8.76432289E+1
8.46274500E+2	-8.81034318E+1
8.46279000E+2	-8.75680408E+1
8.46283500E+2	-8.79087906E+1
8.46288000E+2	-8.70946611E+1
8.46292500E+2	-8.79896798E+1
8.46297000E+2	-8.82156843E+1
8.46301500E+2	-8.75816477E+1
8.46306000E+2	-8.80408539E+1
8.46310500E+2	-8.77139654E+1
8.46315000E+2	-8.70575298E+1
8.46319500E+2	-8.67742912E+1
8.46324000E+2	-8.67706060E+1
8.46328500E+2	-8.70973947E+1
8.46333000E+2	-8.75176191E+1
8.46337500E+2	-8.75929800E+1
8.46342000E+2	-8.81998096E+1
8.46346500E+2	-8.78244227E+1
8.46351000E+2	-8.80832543E+1
8.46355500E+2	-8.81792462E+1
8.46360000E+2	-8.76847658E+1
8.46364500E+2	-8.71133562E+1
8.46369000E+2	-8.75897567E+1
8.46373500E+2	-8.85003765E+1
8.46378000E+2	-8.69013776E+1
8.46382500E+2	-8.73688845E+1
8.46387000E+2	-8.82287484E+1
8.46391500E+2	-8.84283155E+1
8.46396000E+2	-8.75466907E+1
8.46400500E+2	-8.73687163E+1
8.46405000E+2	-8.74451901E+1
8.46409500E+2	-8.78532557E+1
8.46414000E+2	-8.77088442E+1
8.46418500E+2	-8.74898042E+1
8.46423000E+2	-8.66674113E+1
8.46427500E+2	-8.75591064E+1
8.46432000E+2	-8.77166176E+1
8.46436500E+2	-8.70063598E+1
8.46441000E+2	-8.73545236E+1
8.46445500E+2	-8.81429874E+1
8.46450000E+2	-8.72973987E+1
8.46454500E+2	-8.79495588E+1
8.46459000E+2	-8.78536745E+1
8.46463500E+2	-8.83500825E+1
8.46468000E+2	-8.70865304E+1
8.46472500E+2	-8.76044037E+1
8.46477000E+2	-8.73421783E+1
8.46481500E+2	-8.69894801E+1
8.46486000E+2	-8.67396633E+1
8.46490500E+2	-8.73700051E+1
8.46495000E+2	-8.71354594E+1
8.46499500E+2	-8.66930913E+1
8.46504000E+2	-8.73276037E+1
8.46508500E+2	-8.68895561E+1
8.46513000E+2	-8.73548846E+1
8.46517500E+2	-8.78651102E+1
8.46522000E+2	-8.72032445E+1
8.46526500E+2	-8.69949123E+1
8.46531000E+2	-8.75766596E+1
8.46535500E+2	-8.77041322E+1
8.46540000E+2	-8.76786305E+1
8.46544500E+2	-8.73883600E+1
8.46549000E+2	-8.75990174E+1
8.46553500E+2	-8.67991001E+1
8.46558000E+2	-8.70579792E+1
8.46562500E+2	-8.79464950E+1
8.46567000E+2	-8.80526955E+1
8.46571500E+2	-8.75652506E+1
8.46576000E+2	-8.84696218E+1
8.46580500E+2	-8.71721608E+1
8.46585000E+2	-8.75279519E+1
8.46589500E+2	-8.78292082E+1
8.46594000E+2	-8.68180894E+1
8.46598500E+2	-8.77925574E+1
8.46603000E+2	-8.78171176E+1
8.46607500E+2	-8.77512964E+1
8.46612000E+2	-8.83217937E+1
8.46616500E+2	-8.81664630E+1
8.46621000E+2	-8.79010809E+1
8.46625500E+2	-8.73944611E+1
8.46630000E+2	-8.72329184E+1
8.46634500E+2	-8.65342662E+1
8.46639000E+2	-8.74504679E+1
8.46643500E+2	-8.78047184E+1
8.46648000E+2	-8.79782280E+1
8.46652500E+2	-8.77761105E+1
8.46657000E+2	-8.77255554E+1
8.46661500E+2	-8.75732187E+1
8.46666000E+2	-8.64575090E+1
8.46670500E+2	-8.72704342E+1
8.46675000E+2	-8.72716171E+1
8.46679500E+2	-8.80515345E+1
8.46684000E+2	-8.74859597E+1
8.46688500E+2	-8.82576708E+1
8.46693000E+2	-8.71077158E+1
8.46697500E+2	-8.67997743E+1
8.46702000E+2	-8.66533803E+1
8.46706500E+2	-8.63069258E+1
8.46711000E+2	-8.65684105E+1
8.46715500E+2	-8.71346685E+1
8.46720000E+2	-8.74935031E+1
8.46724500E+2	-8.74811963E+1
8.46729000E+2	-8.72265160E+1
8.46733500E+2	-8.73113801E+1
8.46738000E+2	-8.75136926E+1
8.46742500E+2	-8.73105789E+1
8.46747000E+2	-8.80249190E+1
8.46751500E+2	-8.80118589E+1
8.46756000E+2	-8.80505325E+1
8.46760500E+2	-8.76719562E+1
8.46765000E+2	-8.79484754E+1
8.46769500E+2	-8.71541899E+1
8.46774000E+2	-8.66968353E+1
8.46778500E+2	-8.78217737E+1
8.46783000E+2	-8.86000416E+1
8.46787500E+2	-8.76808424E+1
8.46792000E+2	-8.77472290E+1
8.46796500E+2	-8.81878324E+1
8.46801000E+2	-8.80143516E+1
8.46805500E+2	-8.74410470E+1
8.46810000E+2	-8.73703560E+1
8.46814500E+2	-8.83606262E+1
8.46819000E+2	-8.75074571E+1
8.46823500E+2	-8.76631520E+1
8.46828000E+2	-8.77810753E+1
8.46832500E+2	-8.71771917E+1
8.46837000E+2	-8.81583733E+1
8.46841500E+2	-8.83487308E+1
8.46846000E+2	-8.73556210E+1
8.46850500E+2	-8.73101355E+1
8.46855000E+2	-8.71270224E+1
8.46859500E+2	-8.84961449E+1
8.46864000E+2	-8.83071125E+1
8.46868500E+2	-8.77872928E+1
8.46873000E+2	-8.78034018E+1
8.46877500E+2	-8.86160163E+1
8.46882000E+2	-8.81320555E+1
8.46886500E+2	-8.76318020E+1
8.46891000E+2	-8.75845837E+1
8.46895500E+2	-8.77809835E+1
8.46900000E+2	-8.82313959E+1
8.46904500E+2	-8.79010701E+1
8.46909000E+2	-8.80218111E+1
8.46913500E+2	-8.80808645E+1
8.46918000E+2	-8.79902451E+1
8.46922500E+2	-8.82024114E+1
8.46927000E+2	-8.78307049E+1
8.46931500E+2	-8.81558840E+1
8.46936000E+2	-8.81708972E+1
8.46940500E+2	-8.75298470E+1
8.46945000E+2	-8.65028071E+1
8.46949500E+2	-8.71275332E+1
8.46954000E+2	-8.78798530E+1
8.46958500E+2	-8.79079465E+1
8.46963000E+2	-8.84034178E+1
8.46967500E+2	-8.74925214E+1
8.46972000E+2	-8.73036558E+1
8.46976500E+2	-8.73449165E+1
8.46981000E+2	-8.66019745E+1
8.46985500E+2	-8.75745230E+1
8.46990000E+2	-8.66519385E+1
8.46994500E+2	-8.72803577E+1
8.46999000E+2	-8.78936416E+1
8.47003500E+2	-8.76620222E+1
8.47008000E+2	-8.80175550E+1
8.47012500E+2	-8.79972966E+1
8.47017000E+2	-8.78476598E+1
8.47021500E+2	-8.77510684E+1
8.47026000E+2	-8.73662076E+1
8.47030500E+2	-8.76787705E+1
8.47035000E+2	-8.72399707E+1
8.47039500E+2	-8.77260402E+1
8.47044000E+2	-8.70380356E+1
8.47048500E+2	-8.69428413E+1
8.47053000E+2	-8.81622419E+1
8.47057500E+2	-8.75367207E+1
8.47062000E+2	-8.78996984E+1
8.47066500E+2	-8.74883017E+1
8.47071000E+2	-8.78976395E+1
8.47075500E+2	-8.81686030E+1
8.47080000E+2	-8.76912632E+1
8.47084500E+2	-8.76271978E+1
8.47089000E+2	-8.77888926E+1
8.47093500E+2	-8.75358483E+1
8.47098000E+2	-8.80193487E+1
8.47102500E+2	-8.82001180E+1
8.47107000E+2	-8.76680042E+1
8.47111500E+2	-8.76693537E+1
8.47116000E+2	-8.76643923E+1
8.47120500E+2	-8.67659148E+1
8.47125000E+2	-8.80083282E+1
8.47129500E+2	-8.71426848E+1
8.47134000E+2	-8.76308453E+1
8.47138500E+2	-8.75379514E+1
8.47143000E+2	-8.63524839E+1
8.47147500E+2	-8.73275867E+1
8.47152000E+2	-8.80780352E+1
8.47156500E+2	-8.81908071E+1
8.47161000E+2	-8.83205634E+1
8.47165500E+2	-8.82000357E+1
8.47170000E+2	-8.78216020E+1
8.47174500E+2	-8.82274124E+1
8.47179000E+2	-8.81137279E+1
8.47183500E+2	-8.81734233E+1
8.47188000E+2	-8.71990815E+1
8.47192500E+2	-8.70442083E+1
8.47197000E+2	-8.70850040E+1
8.47201500E+2	-8.81250582E+1
8.47206000E+2	-8.81441637E+1
8.47210500E+2	-8.77237060E+1
8.47215000E+2	-8.67555413E+1
8.47219500E+2	-8.78006426E+1
8.47224000E+2	-8.79047517E+1
8.47228500E+2	-8.73109375E+1
8.47233000E+2	-8.74242683E+1
8.47237500E+2	-8.73961209E+1
8.47242000E+2	-8.74099741E+1
8.47246500E+2	-8.67451391E+1
8.47251000E+2	-8.85175960E+1
8.47255500E+2	-8.77253524E+1
8.47260000E+2	-8.77829801E+1
8.47264500E+2	-8.78939059E+1
8.47269000E+2	-8.85784495E+1
8.47273500E+2	-8.80359139E+1
8.47278000E+2	-8.80299479E+1
8.47282500E+2	-8.75723568E+1
8.47287000E+2	-8.80498348E+1
8.47291500E+2	-8.78566649E+1
8.47296000E+2	-8.78236326E+1
8.47300500E+2	-8.81653718E+1
8.47305000E+2	-8.66468849E+1
8.47309500E+2	-8.73923212E+1
8.47314000E+2	-8.79615441E+1
8.47318500E+2	-8.72376412E+1
8.47323000E+2	-8.74568890E+1
8.47327500E+2	-8.82225704E+1
8.47332000E+2	-8.71328467E+1
8.47336500E+2	-8.72561289E+1
8.47341000E+2	-8.78068863E+1
8.47345500E+2	-8.69884614E+1
8.47350000E+2	-8.84646137E+1
8.47354500E+2	-8.78001677E+1
8.47359000E+2	-8.78721279E+1
8.47363500E+2	-8.76479370E+1
8.47368000E+2	-8.73532712E+1
8.47372500E+2	-8.79748200E+1
8.47377000E+2	-8.80650881E+1
8.47381500E+2	-8.77578373E+1
8.47386000E+2	-8.80953147E+1
8.47390500E+2	-8.73754341E+1
8.47395000E+2	-8.73404034E+1
8.47399500E+2	-8.71344636E+1
8.47404000E+2	-8.76532169E+1
8.47408500E+2	-8.75571566E+1
8.47413000E+2	-8.83304044E+1
8.47417500E+2	-8.82123426E+1
8.47422000E+2	-8.76475185E+1
8.47426500E+2	-8.70643579E+1
8.47431000E+2	-8.77138387E+1
8.47435500E+2	-8.66969897E+1
8.47440000E+2	-8.78150900E+1
8.47444500E+2	-8.73416717E+1
8.47449000E+2	-8.75185907E+1
8.47453500E+2	-8.72909663E+1
8.47458000E+2	-8.75976570E+1
8.47462500E+2	-8.77202652E+1
8.47467000E+2	-8.78523238E+1
8.47471500E+2	-8.75671026E+1
8.47476000E+2	-8.68009541E+1
8.47480500E+2	-8.66845994E+1
8.47485000E+2	-8.73788575E+1
8.47489500E+2	-8.80363124E+1
8.47494000E+2	-8.75844192E+1
8.47498500E+2	-8.69029065E+1
8.47503000E+2	-8.73689642E+1
8.47507500E+2	-8.80653342E+1
8.47512000E+2	-8.81431087E+1
8.47516500E+2	-8.81481042E+1
8.47521000E+2	-8.74409560E+1
8.47525500E+2	-8.73393239E+1
8.47530000E+2	-8.74114935E+1
8.47534500E+2	-8.79221943E+1
8.47539000E+2	-8.84458524E+1
8.47543500E+2	-8.69130439E+1
8.47548000E+2	-8.77924631E+1
8.47552500E+2	-8.82956005E+1
8.47557000E+2	-8.74395650E+1
8.47561500E+2	-8.74652241E+1
8.47566000E+2	-8.75924089E+1
8.47570500E+2	-8.78829553E+1
8.47575000E+2	-8.75248601E+1
8.47579500E+2	-8.69570630E+1
8.47584000E+2	-8.74002555E+1
8.47588500E+2	-8.76102121E+1
8.47593000E+2	-8.69726930E+1
8.47597500E+2	-8.78414062E+1
8.47602000E+2	-8.73871933E+1
8.47606500E+2	-8.66354086E+1
8.47611000E+2	-8.73869733E+1
8.47615500E+2	-8.70376000E+1
8.47620000E+2	-8.68876194E+1
8.47624500E+2	-8.79922897E+1
8.47629000E+2	-8.63308322E+1
8.47633500E+2	-8.73843107E+1
8.47638000E+2	-8.67070972E+1
8.47642500E+2	-8.65345394E+1
8.47647000E+2	-8.72496237E+1
8.47651500E+2	-8.76450582E+1
8.47656000E+2	-8.75197426E+1
8.47660500E+2	-8.78730217E+1
8.47665000E+2	-8.78160303E+1
8.47669500E+2	-8.71971470E+1
8.47674000E+2	-8.80385457E+1
8.47678500E+2	-8.83989428E+1
8.47683000E+2	-8.69951554E+1
8.47687500E+2	-8.75682843E+1
8.47692000E+2	-8.75131268E+1
8.47696500E+2	-8.72135574E+1
8.47701000E+2	-8.64472697E+1
8.47705500E+2	-8.59684108E+1
8.47710000E+2	-8.68912948E+1
8.47714500E+2	-8.76484351E+1
8.47719000E+2	-8.80595688E+1
8.47723500E+2	-8.74726773E+1
8.47728000E+2	-8.74039848E+1
8.47732500E+2	-8.70886416E+1
8.47737000E+2	-8.74140011E+1
8.47741500E+2	-8.63700048E+1
8.47746000E+2	-8.71659299E+1
8.47750500E+2	-8.78064414E+1
8.47755000E+2	-8.75277722E+1
8.47759500E+2	-8.77919552E+1
8.47764000E+2	-8.73691099E+1
8.47768500E+2	-8.74731454E+1
8.47773000E+2	-8.75241136E+1
8.47777500E+2	-8.76062826E+1
8.47782000E+2	-8.78852255E+1
8.47786500E+2	-8.80131906E+1
8.47791000E+2	-8.65261116E+1
8.47795500E+2	-8.65687886E+1
8.47800000E+2	-8.62445719E+1
8.47804500E+2	-8.73885058E+1
8.47809000E+2	-8.74206243E+1
8.47813500E+2	-8.84520559E+1
8.47818000E+2	-8.72286410E+1
8.47822500E+2	-8.68273364E+1
8.47827000E+2	-8.69211522E+1
8.47831500E+2	-8.74509929E+1
8.47836000E+2	-8.67885605E+1
8.47840500E+2	-8.63131238E+1
8.47845000E+2	-8.75998719E+1
8.47849500E+2	-8.72845492E+1
8.47854000E+2	-8.68856218E+1
8.47858500E+2	-8.71990483E+1
8.47863000E+2	-8.75917199E+1
8.47867500E+2	-8.81327841E+1
8.47872000E+2	-8.80737609E+1
8.47876500E+2	-8.64032184E+1
8.47881000E+2	-8.70266874E+1
8.47885500E+2	-8.71127212E+1
8.47890000E+2	-8.74110368E+1
8.47894500E+2	-8.66753101E+1
8.47899000E+2	-8.75734282E+1
8.47903500E+2	-8.79802185E+1
8.47908000E+2	-8.74062822E+1
8.47912500E+2	-8.86006728E+1
8.47917000E+2	-8.79325271E+1
8.47921500E+2	-8.85408055E+1
8.47926000E+2	-8.76437006E+1
8.47930500E+2	-8.78083521E+1
8.47935000E+2	-8.81998146E+1
8.47939500E+2	-8.74931208E+1
8.47944000E+2	-8.71621144E+1
8.47948500E+2	-8.77023102E+1
8.47953000E+2	-8.64586741E+1
8.47957500E+2	-8.80049354E+1
8.47962000E+2	-8.72891519E+1
8.47966500E+2	-8.81138028E+1
8.47971000E+2	-8.77265561E+1
8.47975500E+2	-8.71031111E+1
8.47980000E+2	-8.72314290E+1
8.47984500E+2	-8.67122337E+1
8.47989000E+2	-8.70773621E+1
8.47993500E+2	-8.80519278E+1
8.47998000E+2	-8.78252428E+1
8.48002500E+2	-8.77710931E+1
8.48007000E+2	-8.77531381E+1
8.48011500E+2	-8.75452427E+1
8.48016000E+2	-8.85986442E+1
8.48020500E+2	-8.79743297E+1
8.48025000E+2	-8.79223259E+1
8.48029500E+2	-8.75406916E+1
8.48034000E+2	-8.72839785E+1
8.48038500E+2	-8.72612717E+1
8.48043000E+2	-8.79876253E+1
8.48047500E+2	-8.74483554E+1
8.48052000E+2	-8.84177283E+1
8.48056500E+2	-8.81436543E+1
8.48061000E+2	-8.66835617E+1
8.48065500E+2	-8.77964810E+1
8.48070000E+2	-8.80149412E+1
8.48074500E+2	-8.80196755E+1
8.48079000E+2	-8.81134387E+1
8.48083500E+2	-8.86129300E+1
8.48088000E+2	-8.77593283E+1
8.48092500E+2	-8.78215728E+1
8.48097000E+2	-8.72958908E+1
8.48101500E+2	-8.83098414E+1
8.48106000E+2	-8.79203975E+1
8.48110500E+2	-8.79590328E+1
8.48115000E+2	-8.79686877E+1
8.48119500E+2	-8.75209449E+1
8.48124000E+2	-8.79109224E+1
8.48128500E+2	-8.69213498E+1
8.48133000E+2	-8.76950195E+1
8.48137500E+2	-8.76613414E+1
8.48142000E+2	-8.80718515E+1
8.48146500E+2	-8.77936857E+1
8.48151000E+2	-8.69803544E+1
8.48155500E+2	-8.74556367E+1
8.48160000E+2	-8.78131479E+1
8.48164500E+2	-8.74278750E+1
8.48169000E+2	-8.80820346E+1
8.48173500E+2	-8.78761940E+1
8.48178000E+2	-8.85192961E+1
8.48182500E+2	-8.80169341E+1
8.48187000E+2	-8.73241256E+1
8.48191500E+2	-8.77320919E+1
8.48196000E+2	-8.70107384E+1
8.48200500E+2	-8.76738564E+1
8.48205000E+2	-8.78359962E+1
8.48209500E+2	-8.76606086E+1
8.48214000E+2	-8.84215707E+1
8.48218500E+2	-8.81995295E+1
8.48223000E+2	-8.74055439E+1
8.48227500E+2	-8.69093849E+1
8.48232000E+2	-8.76219706E+1
8.48236500E+2	-8.71431539E+1
8.48241000E+2	-8.66375025E+1
8.48245500E+2	-8.67586019E+1
8.48250000E+2	-8.83904833E+1
8.48254500E+2	-8.80704182E+1
8.48259000E+2	-8.82626827E+1
8.48263500E+2	-8.77612295E+1
8.48268000E+2	-8.73320677E+1
8.48272500E+2	-8.79188039E+1
8.48277000E+2	-8.75108322E+1
8.48281500E+2	-8.76507388E+1
8.48286000E+2	-8.83372138E+1
8.48290500E+2	-8.78581846E+1
8.48295000E+2	-8.84455028E+1
8.48299500E+2	-8.77165358E+1
8.48304000E+2	-8.77850619E+1
8.48308500E+2	-8.85308716E+1
8.48313000E+2	-8.82902150E+1
8.48317500E+2	-8.75696529E+1
8.48322000E+2	-8.74267801E+1
8.48326500E+2	-8.79327950E+1
8.48331000E+2	-8.73504899E+1
8.48335500E+2	-8.76043687E+1
8.48340000E+2	-8.66272878E+1
8.48344500E+2	-8.75601129E+1
8.48349000E+2	-8.74453432E+1
8.48353500E+2	-8.75929288E+1
8.48358000E+2	-8.81143299E+1
8.48362500E+2	-8.82636375E+1
8.48367000E+2	-8.78165279E+1
8.48371500E+2	-8.65999451E+1
8.48376000E+2	-8.76117449E+1
8.48380500E+2	-8.80137638E+1
8.48385000E+2	-8.64060088E+1
8.48389500E+2	-8.79874056E+1
8.48394000E+2	-8.77840379E+1
8.48398500E+2	-8.76883079E+1
8.48403000E+2	-8.82417088E+1
8.48407500E+2	-8.80434261E+1
8.48412000E+2	-8.68852433E+1
8.48416500E+2	-8.72055439E+1
8.48421000E+2	-8.79125373E+1
8.48425500E+2	-8.84335436E+1
8.48430000E+2	-8.78360299E+1
8.48434500E+2	-8.70173584E+1
8.48439000E+2	-8.72473797E+1
8.48443500E+2	-8.70588555E+1
8.48448000E+2	-8.83764726E+1
8.48452500E+2	-8.79278500E+1
8.48457000E+2	-8.71282597E+1
8.48461500E+2	-8.75853707E+1
8.48466000E+2	-8.79970371E+1
8.48470500E+2	-8.84279529E+1
8.48475000E+2	-8.84673601E+1
8.48479500E+2	-8.86242213E+1
8.48484000E+2	-8.73624831E+1
8.48488500E+2	-8.75972444E+1
8.48493000E+2	-8.74377876E+1
8.48497500E+2	-8.77700401E+1
8.48502000E+2	-8.73557292E+1
8.48506500E+2	-8.71902307E+1
8.48511000E+2	-8.74901877E+1
8.48515500E+2	-8.76793387E+1
8.48520000E+2	-8.79041240E+1
8.48524500E+2	-8.65011815E+1
8.48529000E+2	-8.73642565E+1
8.48533500E+2	-8.77047318E+1
8.48538000E+2	-8.76974224E+1
8.48542500E+2	-8.80639076E+1
8.48547000E+2	-8.79797152E+1
8.48551500E+2	-8.70303139E+1
8.48556000E+2	-8.78926408E+1
8.48560500E+2	-8.84660497E+1
8.48565000E+2	-8.81686351E+1
8.48569500E+2	-8.70997430E+1
8.48574000E+2	-8.77104934E+1
8.48578500E+2	-8.75173685E+1
8.48583000E+2	-8.71610434E+1
8.48587500E+2	-8.75427222E+1
8.48592000E+2	-8.73015224E+1
8.48596500E+2	-8.75446419E+1
8.48601000E+2	-8.79680946E+1
8.48605500E+2	-8.79603431E+1
8.48610000E+2	-8.76725797E+1
8.48614500E+2	-8.79620344E+1
8.48619000E+2	-8.70770164E+1
8.48623500E+2	-8.71914714E+1
8.48628000E+2	-8.76770756E+1
8.48632500E+2	-8.79127377E+1
8.48637000E+2	-8.77204718E+1
8.48641500E+2	-8.76748712E+1
8.48646000E+2	-8.77538127E+1
8.48650500E+2	-8.79411406E+1
8.48655000E+2	-8.85100600E+1
8.48659500E+2	-8.84290680E+1
8.48664000E+2	-8.84370277E+1
8.48668500E+2	-8.75490311E+1
8.48673000E+2	-8.73835409E+1
8.48677500E+2	-8.81788136E+1
8.48682000E+2	-8.77174255E+1
8.48686500E+2	-8.66370143E+1
8.48691000E+2	-8.73163017E+1
8.48695500E+2	-8.72193570E+1
8.48700000E+2	-8.74652584E+1
8.48704500E+2	-8.82424624E+1
8.48709000E+2	-8.76245190E+1
8.48713500E+2	-8.68751927E+1
8.48718000E+2	-8.71816906E+1
8.48722500E+2	-8.75926795E+1
8.48727000E+2	-8.79637880E+1
8.48731500E+2	-8.78305267E+1
8.48736000E+2	-8.77540457E+1
8.48740500E+2	-8.79592099E+1
8.48745000E+2	-8.71525494E+1
8.48749500E+2	-8.73953341E+1
8.48754000E+2	-8.76762220E+1
8.48758500E+2	-8.69319869E+1
8.48763000E+2	-8.67362882E+1
8.48767500E+2	-8.80778418E+1
8.48772000E+2	-8.77711663E+1
8.48776500E+2	-8.79719672E+1
8.48781000E+2	-8.74624728E+1
8.48785500E+2	-8.64239478E+1
8.48790000E+2	-8.73506319E+1
8.48794500E+2	-8.79865621E+1
8.48799000E+2	-8.75433327E+1
8.48803500E+2	-8.82316409E+1
8.48808000E+2	-8.74121831E+1
8.48812500E+2	-8.62766071E+1
8.48817000E+2	-8.65573874E+1
8.48821500E+2	-8.69491053E+1
8.48826000E+2	-8.72665389E+1
8.48830500E+2	-8.67404891E+1
8.48835000E+2	-8.78200118E+1
8.48839500E+2	-8.76761713E+1
8.48844000E+2	-8.75987584E+1
8.48848500E+2	-8.75882722E+1
8.48853000E+2	-8.70775724E+1
8.48857500E+2	-8.75073362E+1
8.48862000E+2	-8.77230155E+1
8.48866500E+2	-8.78880074E+1
8.48871000E+2	-8.81791202E+1
8.48875500E+2	-8.82303275E+1
8.48880000E+2	-8.71689588E+1
8.48884500E+2	-8.81093264E+1
8.48889000E+2	-8.72554003E+1
8.48893500E+2	-8.75279728E+1
8.48898000E+2	-8.76571161E+1
8.48902500E+2	-8.80351314E+1
8.48907000E+2	-8.77103950E+1
8.48911500E+2	-8.81841090E+1
8.48916000E+2	-8.74713765E+1
8.48920500E+2	-8.80946006E+1
8.48925000E+2	-8.73270963E+1
8.48929500E+2	-8.76678976E+1
8.48934000E+2	-8.75859011E+1
8.48938500E+2	-8.77408213E+1
8.48943000E+2	-8.81080484E+1
8.48947500E+2	-8.72128930E+1
8.48952000E+2	-8.76464905E+1
8.48956500E+2	-8.74652017E+1
8.48961000E+2	-8.66891028E+1
8.48965500E+2	-8.79149158E+1
8.48970000E+2	-8.80537862E+1
8.48974500E+2	-8.85371687E+1
8.48979000E+2	-8.75151963E+1
8.48983500E+2	-8.72100091E+1
8.48988000E+2	-8.76580747E+1
8.48992500E+2	-8.76874560E+1
8.48997000E+2	-8.68783879E+1
8.49001500E+2	-8.68357497E+1
8.49006000E+2	-8.57159294E+1
8.49010500E+2	-8.68743446E+1
8.49015000E+2	-8.74422708E+1
8.49019500E+2	-8.79943158E+1
8.49024000E+2	-8.72849422E+1
8.49028500E+2	-8.78491309E+1
8.49033000E+2	-8.83090851E+1
8.49037500E+2	-8.74783388E+1
8.49042000E+2	-8.78759635E+1
8.49046500E+2	-8.73786079E+1
8.49051000E+2	-8.80169518E+1
8.49055500E+2	-8.75847283E+1
8.49060000E+2	-8.75105669E+1
8.49064500E+2	-8.78501390E+1
8.49069000E+2	-8.77408634E+1
8.49073500E+2	-8.74090547E+1
8.49078000E+2	-8.77812850E+1
8.49082500E+2	-8.77525706E+1
8.49087000E+2	-8.81243065E+1
8.49091500E+2	-8.76887334E+1
8.49096000E+2	-8.80509971E+1
8.49100500E+2	-8.77020864E+1
8.49105000E+2	-8.80754639E+1
8.49109500E+2	-8.74109596E+1
8.49114000E+2	-8.78724485E+1
8.49118500E+2	-8.80538955E+1
8.49123000E+2	-8.82209527E+1
8.49127500E+2	-8.82624561E+1
8.49132000E+2	-8.72766584E+1
8.49136500E+2	-8.76846172E+1
8.49141000E+2	-8.82744367E+1
8.49145500E+2	-8.81557772E+1
8.49150000E+2	-8.75523345E+1
8.49154500E+2	-8.77430674E+1
8.49159000E+2	-8.76455659E+1
8.49163500E+2	-8.68847952E+1
8.49168000E+2	-8.79624135E+1
8.49172500E+2	-8.81971250E+1
8.49177000E+2	-8.70876297E+1
8.49181500E+2	-8.77910495E+1
8.49186000E+2	-8.85578119E+1
8.49190500E+2	-8.80776528E+1
8.49195000E+2	-8.65780886E+1
8.49199500E+2	-8.81076112E+1
8.49204000E+2	-8.76011602E+1
8.49208500E+2	-8.77338601E+1
8.49213000E+2	-8.79628239E+1
8.49217500E+2	-8.78508298E+1
8.49222000E+2	-8.71691725E+1
8.49226500E+2	-8.73808254E+1
8.49231000E+2	-8.75747366E+1
8.49235500E+2	-8.85306651E+1
8.49240000E+2	-8.76232256E+1
8.49244500E+2	-8.72675255E+1
8.49249000E+2	-8.82637625E+1
8.49253500E+2	-8.76249850E+1
8.49258000E+2	-8.74274380E+1
8.49262500E+2	-8.73031160E+1
8.49267000E+2	-8.69896579E+1
8.49271500E+2	-8.67274937E+1
8.49276000E+2	-8.73269353E+1
8.49280500E+2	-8.72237262E+1
8.49285000E+2	-8.62019972E+1
8.49289500E+2	-8.54273209E+1
8.49294000E+2	-8.64416241E+1
8.49298500E+2	-8.68663335E+1
8.49303000E+2	-8.72301825E+1
8.49307500E+2	-8.75304321E+1
8.49312000E+2	-8.78414683E+1
8.49316500E+2	-8.76242279E+1
8.49321000E+2	-8.80435370E+1
8.49325500E+2	-8.85175771E+1
8.49330000E+2	-8.82988934E+1
8.49334500E+2	-8.75968090E+1
8.49339000E+2	-8.81596737E+1
8.49343500E+2	-8.82869591E+1
8.49348000E+2	-8.78471874E+1
8.49352500E+2	-8.82143483E+1
8.49357000E+2	-8.75897942E+1
8.49361500E+2	-8.76314519E+1
8.49366000E+2	-8.79202553E+1
8.49370500E+2	-8.74860882E+1
8.49375000E+2	-8.72552431E+1
8.49379500E+2	-8.81257226E+1
8.49384000E+2	-8.81522751E+1
8.49388500E+2	-8.75796634E+1
8.49393000E+2	-8.74078592E+1
8.49397500E+2	-8.73562072E+1
8.49402000E+2	-8.68303375E+1
8.49406500E+2	-8.70248745E+1
8.49411000E+2	-8.70956179E+1
8.49415500E+2	-8.68563988E+1
8.49420000E+2	-8.73660366E+1
8.49424500E+2	-8.75681423E+1
8.49429000E+2	-8.82562967E+1
8.49433500E+2	-8.85407578E+1
8.49438000E+2	-8.81300454E+1
8.49442500E+2	-8.72694509E+1
8.49447000E+2	-8.67002184E+1
8.49451500E+2	-8.78097766E+1
8.49456000E+2	-8.69937769E+1
8.49460500E+2	-8.69958578E+1
8.49465000E+2	-8.79235392E+1
8.49469500E+2	-8.80570285E+1
8.49474000E+2	-8.81921101E+1
8.49478500E+2	-8.80088121E+1
8.49483000E+2	-8.74899914E+1
8.49487500E+2	-8.78291015E+1
8.49492000E+2	-8.73063987E+1
8.49496500E+2	-8.74398191E+1
8.49501000E+2	-8.75111430E+1
8.49505500E+2	-8.68237814E+1
8.49510000E+2	-8.64483061E+1
8.49514500E+2	-8.69874773E+1
8.49519000E+2	-8.78446594E+1
8.49523500E+2	-8.74652372E+1
8.49528000E+2	-8.85052237E+1
8.49532500E+2	-8.81198311E+1
8.49537000E+2	-8.79238066E+1
8.49541500E+2	-8.78433661E+1
8.49546000E+2	-8.80923841E+1
8.49550500E+2	-8.77457560E+1
8.49555000E+2	-8.71835591E+1
8.49559500E+2	-8.75783900E+1
8.49564000E+2	-8.78713114E+1
8.49568500E+2	-8.74712849E+1
8.49573000E+2	-8.74991083E+1
8.49577500E+2	-8.72855307E+1
8.49582000E+2	-8.76778281E+1
8.49586500E+2	-8.78575355E+1
8.49591000E+2	-8.73435114E+1
8.49595500E+2	-8.80041095E+1
8.49600000E+2	-8.80805370E+1
8.49604500E+2	-8.72559107E+1
8.49609000E+2	-8.75898917E+1
8.49613500E+2	-8.77310133E+1
8.49618000E+2	-8.68658332E+1
8.49622500E+2	-8.77455118E+1
8.49627000E+2	-8.81243196E+1
8.49631500E+2	-8.82151547E+1
8.49636000E+2	-8.84259130E+1
8.49640500E+2	-8.79408401E+1
8.49645000E+2	-8.71327274E+1
8.49649500E+2	-8.65304023E+1
8.49654000E+2	-8.76015613E+1
8.49658500E+2	-8.86649690E+1
8.49663000E+2	-8.77703989E+1
8.49667500E+2	-8.76788812E+1
8.49672000E+2	-8.72999295E+1
8.49676500E+2	-8.71952551E+1
8.49681000E+2	-8.75471998E+1
8.49685500E+2	-8.72154447E+1
8.49690000E+2	-8.69526171E+1
8.49694500E+2	-8.59746893E+1
8.49699000E+2	-8.72456248E+1
8.49703500E+2	-8.83833700E+1
8.49708000E+2	-8.76513965E+1
8.49712500E+2	-8.82722131E+1
8.49717000E+2	-8.83372391E+1
8.49721500E+2	-8.69404586E+1
8.49726000E+2	-8.75926816E+1
8.49730500E+2	-8.72362688E+1
8.49735000E+2	-8.72012568E+1
8.49739500E+2	-8.81697961E+1
8.49744000E+2	-8.84668480E+1
8.49748500E+2	-8.75562552E+1
8.49753000E+2	-8.76717202E+1
8.49757500E+2	-8.77972973E+1
8.49762000E+2	-8.80114586E+1
8.49766500E+2	-8.73050080E+1
8.49771000E+2	-8.74634885E+1
8.49775500E+2	-8.81019891E+1
8.49780000E+2	-8.83532964E+1
8.49784500E+2	-8.68967757E+1
8.49789000E+2	-8.78421344E+1
8.49793500E+2	-8.74910201E+1
8.49798000E+2	-8.76865182E+1
8.49802500E+2	-8.71804003E+1
8.49807000E+2	-8.81262323E+1
8.49811500E+2	-8.84457560E+1
8.49816000E+2	-8.74982743E+1
8.49820500E+2	-8.69896483E+1
8.49825000E+2	-8.71363434E+1
8.49829500E+2	-8.75423007E+1
8.49834000E+2	-8.74087895E+1
8.49838500E+2	-8.69520406E+1
8.49843000E+2	-8.76950039E+1
8.49847500E+2	-8.79991162E+1
8.49852000E+2	-8.80877433E+1
8.49856500E+2	-8.73316574E+1
8.49861000E+2	-8.62435726E+1
8.49865500E+2	-8.72079106E+1
8.49870000E+2	-8.78708189E+1
8.49874500E+2	-8.78550429E+1
8.49879000E+2	-8.78003964E+1
8.49883500E+2	-8.73299326E+1
8.49888000E+2	-8.79849869E+1
8.49892500E+2	-8.83489187E+1
8.49897000E+2	-8.74568451E+1
8.49901500E+2	-8.73823393E+1
8.49906000E+2	-8.80173524E+1
8.49910500E+2	-8.76801092E+1
8.49915000E+2	-8.72488305E+1
8.49919500E+2	-8.73773165E+1
8.49924000E+2	-8.81061456E+1
8.49928500E+2	-8.72451021E+1
8.49933000E+2	-8.76674833E+1
8.49937500E+2	-8.73746683E+1
8.49942000E+2	-8.76980696E+1
8.49946500E+2	-8.78738899E+1
8.49951000E+2	-8.80363713E+1
8.49955500E+2	-8.83406559E+1
8.49960000E+2	-8.73843350E+1
8.49964500E+2	-8.64161749E+1
8.49969000E+2	-8.67800624E+1
8.49973500E+2	-8.83237458E+1
8.49978000E+2	-8.81691068E+1
8.49982500E+2	-8.64642681E+1
8.49987000E+2	-8.64391082E+1
8.49991500E+2	-8.77760183E+1
8.49996000E+2	-8.78721984E+1
8.50000500E+2	-8.82276840E+1
8.50005000E+2	-8.75596417E+1
8.50009500E+2	-8.65617570E+1
8.50014000E+2	-8.70397058E+1
8.50018500E+2	-8.79675470E+1
8.50023000E+2	-8.78614365E+1
8.50027500E+2	-8.74952602E+1
8.50032000E+2	-8.75902271E+1
8.50036500E+2	-8.83799792E+1
8.50041000E+2	-8.79394742E+1
8.50045500E+2	-8.79521432E+1
8.50050000E+2	-8.70114060E+1
8.50054500E+2	-8.66585343E+1
8.50059000E+2	-8.71376889E+1
8.50063500E+2	-8.82251530E+1
8.50068000E+2	-8.76731038E+1
8.50072500E+2	-8.82498958E+1
8.50077000E+2	-8.78165157E+1
8.50081500E+2	-8.80746671E+1
8.50086000E+2	-8.82613380E+1
8.50090500E+2	-8.75115308E+1
8.50095000E+2	-8.69284684E+1
8.50099500E+2	-8.70097807E+1
8.50104000E+2	-8.70848133E+1
8.50108500E+2	-8.66776263E+1
8.50113000E+2	-8.68909898E+1
8.50117500E+2	-8.83388500E+1
8.50122000E+2	-8.79814461E+1
8.50126500E+2	-8.76067785E+1
8.50131000E+2	-8.69977683E+1
8.50135500E+2	-8.69797497E+1
8.50140000E+2	-8.76552161E+1
8.50144500E+2	-8.77547526E+1
8.50149000E+2	-8.68937061E+1
8.50153500E+2	-8.73247182E+1
8.50158000E+2	-8.83688417E+1
8.50162500E+2	-8.78927505E+1
8.50167000E+2	-8.83208936E+1
8.50171500E+2	-8.73601424E+1
8.50176000E+2	-8.71722493E+1
8.50180500E+2	-8.77427842E+1
8.50185000E+2	-8.72790743E+1
8.50189500E+2	-8.77168534E+1
8.50194000E+2	-8.74609642E+1
8.50198500E+2	-8.80842687E+1
8.50203000E+2	-8.70572977E+1
8.50207500E+2	-8.71977702E+1
8.50212000E+2	-8.80377855E+1
8.50216500E+2	-8.73581115E+1
8.50221000E+2	-8.72760027E+1
8.50225500E+2	-8.65994544E+1
8.50230000E+2	-8.79892144E+1
8.50234500E+2	-8.85145044E+1
8.50239000E+2	-8.80862048E+1
8.50243500E+2	-8.77685092E+1
8.50248000E+2	-8.74019690E+1
8.50252500E+2	-8.74833043E+1
8.50257000E+2	-8.77793131E+1
8.50261500E+2	-8.74195591E+1
8.50266000E+2	-8.73673560E+1
8.50270500E+2	-8.87172297E+1
8.50275000E+2	-8.86811139E+1
8.50279500E+2	-8.84590864E+1
8.50284000E+2	-8.82293256E+1
8.50288500E+2	-8.77129518E+1
8.50293000E+2	-8.63493659E+1
8.50297500E+2	-8.74471725E+1
8.50302000E+2	-8.78661532E+1
8.50306500E+2	-8.65871629E+1
8.50311000E+2	-8.76849742E+1
8.50315500E+2	-8.82359715E+1
8.50320000E+2	-8.77566289E+1
8.50324500E+2	-8.74381895E+1
8.50329000E+2	-8.74143330E+1
8.50333500E+2	-8.74919326E+1
8.50338000E+2	-8.79613063E+1
8.50342500E+2	-8.78789285E+1
8.50347000E+2	-8.70570274E+1
8.50351500E+2	-8.68705330E+1
8.50356000E+2	-8.78305988E+1
8.50360500E+2	-8.81099108E+1
8.50365000E+2	-8.79381374E+1
8.50369500E+2	-8.77992490E+1
8.50374000E+2	-8.82888849E+1
8.50378500E+2	-8.77600204E+1
8.50383000E+2	-8.77519263E+1
8.50387500E+2	-8.72311143E+1
8.50392000E+2	-8.79878396E+1
8.50396500E+2	-8.79991101E+1
8.50401000E+2	-8.79595828E+1
8.50405500E+2	-8.70151774E+1
8.50410000E+2	-8.78759784E+1
8.50414500E+2	-8.74838270E+1
8.50419000E+2	-8.72168157E+1
8.50423500E+2	-8.78791905E+1
8.50428000E+2	-8.75304364E+1
8.50432500E+2	-8.73673133E+1
8.50437000E+2	-8.74272590E+1
8.50441500E+2	-8.71596281E+1
8.50446000E+2	-8.76285253E+1
8.50450500E+2	-8.81622098E+1
8.50455000E+2	-8.74209037E+1
8.50459500E+2	-8.83559490E+1
8.50464000E+2	-8.71516721E+1
8.50468500E+2	-8.77519920E+1
8.50473000E+2	-8.74102651E+1
8.50477500E+2	-8.66478663E+1
8.50482000E+2	-8.69716516E+1
8.50486500E+2	-8.79343132E+1
8.50491000E+2	-8.81545251E+1
8.50495500E+2	-8.78662173E+1
8.50500000E+2	-8.77598268E+1
