8.46000000E+2	-7.74725379E+1
8.46004500E+2	-7.80666039E+1
8.46009000E+2	-7.78183204E+1
8.46013500E+2	-7.74345020E+1
8.46018000E+2	-7.74405138E+1
8.46022500E+2	-7.74269938E+1
8.46027000E+2	-7.74734178E+1
8.46031500E+2	-7.74778302E+1
8.46036000E+2	-7.71529572E+1
8.46040500E+2	-7.73890887E+1
8.46045000E+2	-7.73898041E+1
8.46049500E+2	-7.73587169E+1
8.46054000E+2	-7.69393516E+1
8.46058500E+2	-7.70343615E+1
8.46063000E+2	-7.72108142E+1
8.46067500E+2	-7.73336934E+1
8.46072000E+2	-7.72031552E+1
8.46076500E+2	-7.73207035E+1
8.46081000E+2	-7.73602668E+1
8.46085500E+2	-7.70408356E+1
8.46090000E+2	-7.71166615E+1
8.46094500E+2	-7.70596122E+1
8.46099000E+2	-7.72739985E+1
8.46103500E+2	-7.76595689E+1
8.46108000E+2	-7.79963552E+1
8.46112500E+2	-7.75924324E+1
8.46117000E+2	-7.71527575E+1
8.46121500E+2	-7.73474924E+1
8.46126000E+2	-7.77883043E+1
8.46130500E+2	-7.76294270E+1
8.46135000E+2	-7.78763099E+1
8.46139500E+2	-7.73256186E+1
8.46144000E+2	-7.77737945E+1
8.46148500E+2	-7.77650506E+1
8.46153000E+2	-7.78846485E+1
8.46157500E+2	-7.76437988E+1
8.46162000E+2	-7.76127528E+1
8.46166500E+2	-7.77523375E+1
8.46171000E+2	-7.77987090E+1
8.46175500E+2	-7.74262237E+1
8.46180000E+2	-7.85244549E+1
8.46184500E+2	-7.83126226E+1
8.46189000E+2	-7.83737848E+1
8.46193500E+2	-7.82017321E+1
8.46198000E+2	-7.83525237E+1
8.46202500E+2	-7.85292048E+1
8.46207000E+2	-7.83838126E+1
8.46211500E+2	-7.83465165E+1
8.46216000E+2	-7.81850851E+1
8.46220500E+2	-7.81896347E+1
8.46225000E+2	-7.81641547E+1
8.46229500E+2	-7.84153954E+1
8.46234000E+2	-7.76854826E+1
8.46238500E+2	-7.75127837E+1
8.46243000E+2	-7.79825596E+1
8.46247500E+2	-7.77775753E+1
8.46252000E+2	-7.75407252E+1
8.46256500E+2	-7.78060756E+1
8.46261000E+2	-7.76679564E+1
8.46265500E+2	-7.81733040E+1
8.46270000E+2	-7.79487913E+1
8.46274500E+2	-7.76376302E+1
8.46279000E+2	-7.79399121E+1
8.46283500E+2	-7.80077648E+1
8.46288000E+2	-7.77107819E+1
8.46292500E+2	-7.80256614E+1
8.46297000E+2	-7.82109711E+1
8.46301500E+2	-7.81117427E+1
8.46306000E+2	-7.78153519E+1
8.46310500E+2	-7.83518402E+1
8.46315000E+2	-7.78559795E+1
8.46319500E+2	-7.83093825E+1
8.46324000E+2	-7.80159617E+1
8.46328500E+2	-7.81471035E+1
8.46333000E+2	-7.71275443E+1
8.46337500E+2	-7.78962947E+1
8.46342000E+2	-7.83118645E+1
8.46346500E+2	-7.78921391E+1
8.46351000E+2	-7.83826038E+1
8.46355500E+2	-7.76304015E+1
8.46360000E+2	-7.77286993E+1
8.46364500E+2	-7.80741043E+1
8.46369000E+2	-7.82867815E+1
8.46373500E+2	-7.79696725E+1
8.46378000E+2	-7.80470238E+1
8.46382500E+2	-7.78585834E+1
8.46387000E+2	-7.79366829E+1
8.46391500E+2	-7.75797651E+1
8.46396000E+2	-7.80692537E+1
8.46400500E+2	-7.79066060E+1
8.46405000E+2	-7.82365396E+1
8.46409500E+2	-7.81254503E+1
8.46414000E+2	-7.81857676E+1
8.46418500E+2	-7.82999337E+1
8.46423000E+2	-7.76835740E+1
8.46427500E+2	-7.80101310E+1
8.46432000E+2	-7.79795479E+1
8.46436500E+2	-7.80752831E+1
8.46441000E+2	-7.83044863E+1
8.46445500E+2	-7.81724097E+1
8.46450000E+2	-7.77988790E+1
8.46454500E+2	-7.78726502E+1
8.46459000E+2	-7.85347462E+1
8.46463500E+2	-7.81820867E+1
8.46468000E+2	-7.83179151E+1
8.46472500E+2	-7.80606255E+1
8.46477000E+2	-7.82575859E+1
8.46481500E+2	-7.79357206E+1
8.46486000E+2	-7.77711236E+1
8.46490500E+2	-7.78951710E+1
8.46495000E+2	-7.77112961E+1
8.46499500E+2	-7.77213991E+1
8.46504000E+2	-7.78893914E+1
8.46508500E+2	-7.81583854E+1
8.46513000E+2	-7.78024151E+1
8.46517500E+2	-7.75860013E+1
8.46522000E+2	-7.79989698E+1
8.46526500E+2	-7.79236967E+1
8.46531000E+2	-7.80147286E+1
8.46535500E+2	-7.85193247E+1
8.46540000E+2	-7.83043822E+1
8.46544500E+2	-7.82248954E+1
8.46549000E+2	-7.76434391E+1
8.46553500E+2	-7.82961264E+1
8.46558000E+2	-7.83720168E+1
8.46562500E+2	-7.79393038E+1
8.46567000E+2	-7.75418293E+1
8.46571500E+2	-7.77717679E+1
8.46576000E+2	-7.81436119E+1
8.46580500E+2	-7.82631413E+1
8.46585000E+2	-7.84159687E+1
8.46589500E+2	-7.81786299E+1
8.46594000E+2	-7.74244770E+1
8.46598500E+2	-7.80997244E+1
8.46603000E+2	-7.79480304E+1
8.46607500E+2	-7.83991082E+1
8.46612000E+2	-7.82301362E+1
8.46616500E+2	-7.83015625E+1
8.46621000E+2	-7.79867805E+1
8.46625500E+2	-7.82303260E+1
8.46630000E+2	-7.85005763E+1
8.46634500E+2	-7.83449926E+1
8.46639000E+2	-7.83944450E+1
8.46643500E+2	-7.82317308E+1
8.46648000E+2	-7.81931880E+1
8.46652500E+2	-7.78381630E+1
8.46657000E+2	-7.79525808E+1
8.46661500E+2	-7.75045500E+1
8.46666000E+2	-7.76797360E+1
8.46670500E+2	-7.81752580E+1
8.46675000E+2	-7.83220732E+1
8.46679500E+2	-7.79920631E+1
8.46684000E+2	-7.84145525E+1
8.46688500E+2	-7.86079904E+1
8.46693000E+2	-7.80589951E+1
8.46697500E+2	-7.79633676E+1
8.46702000E+2	-7.81205408E+1
8.46706500E+2	-7.81683065E+1
8.46711000E+2	-7.80621165E+1
8.46715500E+2	-7.78610341E+1
8.46720000E+2	-7.77743314E+1
8.46724500E+2	-7.74212022E+1
8.46729000E+2	-7.72120659E+1
8.46733500E+2	-7.73852719E+1
8.46738000E+2	-7.76350646E+1
8.46742500E+2	-7.70695566E+1
8.46747000E+2	-7.70441986E+1
8.46751500E+2	-7.75919226E+1
8.46756000E+2	-7.75528226E+1
8.46760500E+2	-7.72200374E+1
8.46765000E+2	-7.70671596E+1
8.46769500E+2	-7.71353647E+1
8.46774000E+2	-7.71159677E+1
8.46778500E+2	-7.69334374E+1
8.46783000E+2	-7.67503626E+1
8.46787500E+2	-7.71963577E+1
8.46792000E+2	-7.76113253E+1
8.46796500E+2	-7.72250809E+1
8.46801000E+2	-7.67827120E+1
8.46805500E+2	-7.59337787E+1
8.46810000E+2	-7.59636645E+1
8.46814500E+2	-7.58971654E+1
8.46819000E+2	-7.63183089E+1
8.46823500E+2	-7.63482546E+1
8.46828000E+2	-7.53522583E+1
8.46832500E+2	-7.50440793E+1
8.46837000E+2	-7.58872434E+1
8.46841500E+2	-7.63540454E+1
8.46846000E+2	-7.59128391E+1
8.46850500E+2	-7.60583723E+1
8.46855000E+2	-7.62653730E+1
8.46859500E+2	-7.62026062E+1
8.46864000E+2	-7.61453938E+1
8.46868500E+2	-7.63818815E+1
8.46873000E+2	-7.69578064E+1
8.46877500E+2	-7.73325957E+1
8.46882000E+2	-7.74334138E+1
8.46886500E+2	-7.74710289E+1
8.46891000E+2	-7.78766099E+1
8.46895500E+2	-7.77656217E+1
8.46900000E+2	-7.74830857E+1
8.46904500E+2	-7.75334019E+1
8.46909000E+2	-7.73804466E+1
8.46913500E+2	-7.80008802E+1
8.46918000E+2	-7.78287846E+1
8.46922500E+2	-7.78814349E+1
8.46927000E+2	-7.77001508E+1
8.46931500E+2	-7.80657108E+1
8.46936000E+2	-7.82500345E+1
8.46940500E+2	-7.81834821E+1
8.46945000E+2	-7.78173355E+1
8.46949500E+2	-7.78896523E+1
8.46954000E+2	-7.80361567E+1
8.46958500E+2	-7.80658297E+1
8.46963000E+2	-7.78524097E+1
8.46967500E+2	-7.81228241E+1
8.46972000E+2	-7.76857857E+1
8.46976500E+2	-7.81317676E+1
8.46981000E+2	-7.77842752E+1
8.46985500E+2	-7.79858482E+1
8.46990000E+2	-7.86288051E+1
8.46994500E+2	-7.82367163E+1
8.46999000E+2	-7.83313445E+1
8.47003500E+2	-7.84122536E+1
8.47008000E+2	-7.80556649E+1
8.47012500E+2	-7.85700302E+1
8.47017000E+2	-7.79492600E+1
8.47021500E+2	-7.80195473E+1
8.47026000E+2	-7.83767343E+1
8.47030500E+2	-7.85683710E+1
8.47035000E+2	-7.81449558E+1
8.47039500E+2	-7.81897913E+1
8.47044000E+2	-7.78756450E+1
8.47048500E+2	-7.81841644E+1
8.47053000E+2	-7.82236149E+1
8.47057500E+2	-7.81582765E+1
8.47062000E+2	-7.78051729E+1
8.47066500E+2	-7.85409432E+1
8.47071000E+2	-7.83343935E+1
8.47075500E+2	-7.75721374E+1
8.47080000E+2	-7.80099163E+1
8.47084500E+2	-7.81087689E+1
8.47089000E+2	-7.81305985E+1
8.47093500E+2	-7.81279555E+1
8.47098000E+2	-7.80587032E+1
8.47102500E+2	-7.79930855E+1
8.47107000E+2	-7.81398059E+1
8.47111500E+2	-7.76050429E+1
8.47116000E+2	-7.76984529E+1
8.47120500E+2	-7.80848142E+1
8.47125000E+2	-7.81521069E+1
8.47129500E+2	-7.77791060E+1
8.47134000E+2	-7.78835633E+1
8.47138500E+2	-7.79972465E+1
8.47143000E+2	-7.78975371E+1
8.47147500E+2	-7.84009225E+1
8.47152000E+2	-7.85342031E+1
8.47156500E+2	-7.83438704E+1
8.47161000E+2	-7.81057711E+1
8.47165500E+2	-7.82886107E+1
8.47170000E+2	-7.76481235E+1
8.47174500E+2	-7.82617411E+1
8.47179000E+2	-7.85056102E+1
8.47183500E+2	-7.84894519E+1
8.47188000E+2	-7.88073049E+1
8.47192500E+2	-7.90904151E+1
8.47197000E+2	-7.83612541E+1
8.47201500E+2	-7.80818616E+1
8.47206000E+2	-7.77439137E+1
8.47210500E+2	-7.83232491E+1
8.47215000E+2	-7.82815282E+1
8.47219500E+2	-7.82245803E+1
8.47224000E+2	-7.82507280E+1
8.47228500E+2	-7.77164300E+1
8.47233000E+2	-7.87861420E+1
8.47237500E+2	-7.72158993E+1
8.47242000E+2	-7.79390049E+1
8.47246500E+2	-7.82224678E+1
8.47251000E+2	-7.78362494E+1
8.47255500E+2	-7.79645946E+1
8.47260000E+2	-7.78098657E+1
8.47264500E+2	-7.81193942E+1
8.47269000E+2	-7.76530691E+1
8.47273500E+2	-7.81438981E+1
8.47278000E+2	-7.81107102E+1
8.47282500E+2	-7.82598411E+1
8.47287000E+2	-7.76823244E+1
8.47291500E+2	-7.80830801E+1
8.47296000E+2	-7.76316124E+1
8.47300500E+2	-7.79573734E+1
8.47305000E+2	-7.74214205E+1
8.47309500E+2	-7.79624648E+1
8.47314000E+2	-7.78268921E+1
8.47318500E+2	-7.77856809E+1
8.47323000E+2	-7.76245100E+1
8.47327500E+2	-7.79748332E+1
8.47332000E+2	-7.81552810E+1
8.47336500E+2	-7.80466914E+1
8.47341000E+2	-7.83470949E+1
8.47345500E+2	-7.81536028E+1
8.47350000E+2	-7.76042885E+1
8.47354500E+2	-7.76529479E+1
8.47359000E+2	-7.80231663E+1
8.47363500E+2	-7.78337695E+1
8.47368000E+2	-7.80293256E+1
8.47372500E+2	-7.84313486E+1
8.47377000E+2	-7.81938192E+1
8.47381500E+2	-7.78713493E+1
8.47386000E+2	-7.83643830E+1
8.47390500E+2	-7.77998607E+1
8.47395000E+2	-7.79636602E+1
8.47399500E+2	-7.77923650E+1
8.47404000E+2	-7.85216837E+1
8.47408500E+2	-7.77715521E+1
8.47413000E+2	-7.75025461E+1
8.47417500E+2	-7.80285084E+1
8.47422000E+2	-7.84578117E+1
8.47426500E+2	-7.81968914E+1
8.47431000E+2	-7.83911910E+1
8.47435500E+2	-7.76557011E+1
8.47440000E+2	-7.77806703E+1
8.47444500E+2	-7.82369798E+1
8.47449000E+2	-7.80457385E+1
8.47453500E+2	-7.75162457E+1
8.47458000E+2	-7.74869899E+1
8.47462500E+2	-7.79019621E+1
8.47467000E+2	-7.82798172E+1
8.47471500E+2	-7.84598156E+1
8.47476000E+2	-7.80264179E+1
8.47480500E+2	-7.79503587E+1
8.47485000E+2	-7.86136545E+1
8.47489500E+2	-7.87320178E+1
8.47494000E+2	-7.84255325E+1
8.47498500E+2	-7.82559715E+1
8.47503000E+2	-7.83507264E+1
8.47507500E+2	-7.82816530E+1
8.47512000E+2	-7.80309323E+1
8.47516500E+2	-7.76956286E+1
8.47521000E+2	-7.74241497E+1
8.47525500E+2	-7.77848741E+1
8.47530000E+2	-7.75877334E+1
8.47534500E+2	-7.80416655E+1
8.47539000E+2	-7.79554306E+1
8.47543500E+2	-7.83142767E+1
8.47548000E+2	-7.81562511E+1
8.47552500E+2	-7.84417482E+1
8.47557000E+2	-7.78496556E+1
8.47561500E+2	-7.88123743E+1
8.47566000E+2	-7.78986408E+1
8.47570500E+2	-7.81155748E+1
8.47575000E+2	-7.80545357E+1
8.47579500E+2	-7.77184287E+1
8.47584000E+2	-7.75762888E+1
8.47588500E+2	-7.79167375E+1
8.47593000E+2	-7.81070391E+1
8.47597500E+2	-7.78262073E+1
8.47602000E+2	-7.71867400E+1
8.47606500E+2	-7.80730633E+1
8.47611000E+2	-7.75493698E+1
8.47615500E+2	-7.82642055E+1
8.47620000E+2	-7.79099141E+1
8.47624500E+2	-7.81809226E+1
8.47629000E+2	-7.83183408E+1
8.47633500E+2	-7.83624756E+1
8.47638000E+2	-7.83066443E+1
8.47642500E+2	-7.81012604E+1
8.47647000E+2	-7.80141647E+1
8.47651500E+2	-7.79271301E+1
8.47656000E+2	-7.75228811E+1
8.47660500E+2	-7.76517758E+1
8.47665000E+2	-7.78491127E+1
8.47669500E+2	-7.78820622E+1
8.47674000E+2	-7.79333362E+1
8.47678500E+2	-7.74557808E+1
8.47683000E+2	-7.78771953E+1
8.47687500E+2	-7.77504964E+1
8.47692000E+2	-7.68735189E+1
8.47696500E+2	-7.77863228E+1
8.47701000E+2	-7.78088036E+1
8.47705500E+2	-7.75474920E+1
8.47710000E+2	-7.67633290E+1
8.47714500E+2	-7.69006024E+1
8.47719000E+2	-7.70845010E+1
8.47723500E+2	-7.68079555E+1
8.47728000E+2	-7.70209829E+1
8.47732500E+2	-7.62644354E+1
8.47737000E+2	-7.64034538E+1
8.47741500E+2	-7.66204927E+1
8.47746000E+2	-7.62876086E+1
8.47750500E+2	-7.57088605E+1
8.47755000E+2	-7.56010270E+1
8.47759500E+2	-7.54914327E+1
8.47764000E+2	-7.45272977E+1
8.47768500E+2	-7.48968219E+1
8.47773000E+2	-7.48863238E+1
8.47777500E+2	-7.46872281E+1
8.47782000E+2	-7.51471226E+1
8.47786500E+2	-7.52290024E+1
8.47791000E+2	-7.49885494E+1
8.47795500E+2	-7.44978525E+1
8.47800000E+2	-7.44765318E+1
8.47804500E+2	-7.53730035E+1
8.47809000E+2	-7.47688738E+1
8.47813500E+2	-7.49573794E+1
8.47818000E+2	-7.55419048E+1
8.47822500E+2	-7.54266010E+1
8.47827000E+2	-7.58513685E+1
8.47831500E+2	-7.55627644E+1
8.47836000E+2	-7.53637246E+1
8.47840500E+2	-7.58647930E+1
8.47845000E+2	-7.64868521E+1
8.47849500E+2	-7.68128236E+1
8.47854000E+2	-7.71189915E+1
8.47858500E+2	-7.65875534E+1
8.47863000E+2	-7.69906754E+1
8.47867500E+2	-7.69534234E+1
8.47872000E+2	-7.76882560E+1
8.47876500E+2	-7.72852129E+1
8.47881000E+2	-7.72426575E+1
8.47885500E+2	-7.76519709E+1
8.47890000E+2	-7.71784268E+1
8.47894500E+2	-7.77709892E+1
8.47899000E+2	-7.78102752E+1
8.47903500E+2	-7.71254068E+1
8.47908000E+2	-7.83110850E+1
8.47912500E+2	-7.80119958E+1
8.47917000E+2	-7.75079770E+1
8.47921500E+2	-7.84247416E+1
8.47926000E+2	-7.85724437E+1
8.47930500E+2	-7.85578231E+1
8.47935000E+2	-7.81659227E+1
8.47939500E+2	-7.82747850E+1
8.47944000E+2	-7.78782712E+1
8.47948500E+2	-7.85401317E+1
8.47953000E+2	-7.81343931E+1
8.47957500E+2	-7.78427907E+1
8.47962000E+2	-7.77716696E+1
8.47966500E+2	-7.73953355E+1
8.47971000E+2	-7.72668069E+1
8.47975500E+2	-7.78891448E+1
8.47980000E+2	-7.81546499E+1
8.47984500E+2	-7.86245760E+1
8.47989000E+2	-7.76366938E+1
8.47993500E+2	-7.70261587E+1
8.47998000E+2	-7.74320384E+1
8.48002500E+2	-7.78932579E+1
8.48007000E+2	-7.76823318E+1
8.48011500E+2	-7.75318502E+1
8.48016000E+2	-7.79095263E+1
8.48020500E+2	-7.77949022E+1
8.48025000E+2	-7.77469988E+1
8.48029500E+2	-7.77115088E+1
8.48034000E+2	-7.74236696E+1
8.48038500E+2	-7.76625091E+1
8.48043000E+2	-7.73708446E+1
8.48047500E+2	-7.72556975E+1
8.48052000E+2	-7.69246651E+1
8.48056500E+2	-7.68995904E+1
8.48061000E+2	-7.70898449E+1
8.48065500E+2	-7.64911803E+1
8.48070000E+2	-7.64182156E+1
8.48074500E+2	-7.63560538E+1
8.48079000E+2	-7.58185442E+1
8.48083500E+2	-7.53146462E+1
8.48088000E+2	-7.49596573E+1
8.48092500E+2	-7.41222966E+1
8.48097000E+2	-7.37697113E+1
8.48101500E+2	-7.37600380E+1
8.48106000E+2	-7.32026748E+1
8.48110500E+2	-7.27210235E+1
8.48115000E+2	-7.24523155E+1
8.48119500E+2	-7.23304904E+1
8.48124000E+2	-7.21427948E+1
8.48128500E+2	-7.16509435E+1
8.48133000E+2	-7.15974663E+1
8.48137500E+2	-7.13233232E+1
8.48142000E+2	-7.11570252E+1
8.48146500E+2	-7.14284310E+1
8.48151000E+2	-7.16159815E+1
8.48155500E+2	-7.18642413E+1
8.48160000E+2	-7.19862480E+1
8.48164500E+2	-7.22657058E+1
8.48169000E+2	-7.27023053E+1
8.48173500E+2	-7.30582560E+1
8.48178000E+2	-7.32941127E+1
8.48182500E+2	-7.37390110E+1
8.48187000E+2	-7.43067960E+1
8.48191500E+2	-7.51773068E+1
8.48196000E+2	-7.53924672E+1
8.48200500E+2	-7.57949604E+1
8.48205000E+2	-7.59759719E+1
8.48209500E+2	-7.67872994E+1
8.48214000E+2	-7.69372526E+1
8.48218500E+2	-7.74704558E+1
8.48223000E+2	-7.76141976E+1
8.48227500E+2	-7.81180120E+1
8.48232000E+2	-7.80415722E+1
8.48236500E+2	-7.78904370E+1
8.48241000E+2	-7.72372266E+1
8.48245500E+2	-7.72812680E+1
8.48250000E+2	-7.80229728E+1
8.48254500E+2	-7.84442475E+1
8.48259000E+2	-7.76328947E+1
8.48263500E+2	-7.81929197E+1
8.48268000E+2	-7.80776389E+1
8.48272500E+2	-7.85151471E+1
8.48277000E+2	-7.84566583E+1
8.48281500E+2	-7.79005046E+1
8.48286000E+2	-7.80449314E+1
8.48290500E+2	-7.75789603E+1
8.48295000E+2	-7.71835048E+1
8.48299500E+2	-7.72689056E+1
8.48304000E+2	-7.73325467E+1
8.48308500E+2	-7.80606672E+1
8.48313000E+2	-7.83210927E+1
8.48317500E+2	-7.80488455E+1
8.48322000E+2	-7.77089042E+1
8.48326500E+2	-7.81811982E+1
8.48331000E+2	-7.80886259E+1
8.48335500E+2	-7.82392670E+1
8.48340000E+2	-7.82770046E+1
8.48344500E+2	-7.84236306E+1
8.48349000E+2	-7.75375146E+1
8.48353500E+2	-7.80023782E+1
8.48358000E+2	-7.80379548E+1
8.48362500E+2	-7.77623116E+1
8.48367000E+2	-7.78274622E+1
8.48371500E+2	-7.81833970E+1
8.48376000E+2	-7.84727346E+1
8.48380500E+2	-7.79024520E+1
8.48385000E+2	-7.72188774E+1
8.48389500E+2	-7.76362667E+1
8.48394000E+2	-7.75065840E+1
8.48398500E+2	-7.79522860E+1
8.48403000E+2	-7.84520243E+1
8.48407500E+2	-7.83170498E+1
8.48412000E+2	-7.79602673E+1
8.48416500E+2	-7.80258381E+1
8.48421000E+2	-7.80910255E+1
8.48425500E+2	-7.80535981E+1
8.48430000E+2	-7.81633535E+1
8.48434500E+2	-7.83294135E+1
8.48439000E+2	-7.78274052E+1
8.48443500E+2	-7.78978559E+1
8.48448000E+2	-7.81790011E+1
8.48452500E+2	-7.84041883E+1
8.48457000E+2	-7.82959439E+1
8.48461500E+2	-7.85070109E+1
8.48466000E+2	-7.80961124E+1
8.48470500E+2	-7.79632357E+1
8.48475000E+2	-7.85852540E+1
8.48479500E+2	-7.82893210E+1
8.48484000E+2	-7.82234978E+1
8.48488500E+2	-7.81970330E+1
8.48493000E+2	-7.79331523E+1
8.48497500E+2	-7.84667558E+1
8.48502000E+2	-7.80413517E+1
8.48506500E+2	-7.81370175E+1
8.48511000E+2	-7.82783294E+1
8.48515500E+2	-7.82675601E+1
8.48520000E+2	-7.82648472E+1
8.48524500E+2	-7.82270231E+1
8.48529000E+2	-7.80773239E+1
8.48533500E+2	-7.80562498E+1
8.48538000E+2	-7.76000066E+1
8.48542500E+2	-7.76861573E+1
8.48547000E+2	-7.78500592E+1
8.48551500E+2	-7.81459383E+1
8.48556000E+2	-7.81372999E+1
8.48560500E+2	-7.81985897E+1
8.48565000E+2	-7.82180533E+1
8.48569500E+2	-7.80528944E+1
8.48574000E+2	-7.85002375E+1
8.48578500E+2	-7.81633163E+1
8.48583000E+2	-7.80301857E+1
8.48587500E+2	-7.79951287E+1
8.48592000E+2	-7.83832559E+1
8.48596500E+2	-7.81563402E+1
8.48601000E+2	-7.82418844E+1
8.48605500E+2	-7.75657719E+1
8.48610000E+2	-7.79809077E+1
8.48614500E+2	-7.81357032E+1
8.48619000E+2	-7.83235484E+1
8.48623500E+2	-7.83740234E+1
8.48628000E+2	-7.86468214E+1
8.48632500E+2	-7.83038640E+1
8.48637000E+2	-7.78882185E+1
8.48641500E+2	-7.78580278E+1
8.48646000E+2	-7.84034057E+1
8.48650500E+2	-7.77565111E+1
8.48655000E+2	-7.76184103E+1
8.48659500E+2	-7.76782674E+1
8.48664000E+2	-7.81652200E+1
8.48668500E+2	-7.78731578E+1
8.48673000E+2	-7.78564970E+1
8.48677500E+2	-7.80860477E+1
8.48682000E+2	-7.79889026E+1
8.48686500E+2	-7.80103695E+1
8.48691000E+2	-7.81541896E+1
8.48695500E+2	-7.84819902E+1
8.48700000E+2	-7.85009199E+1
8.48704500E+2	-7.84377950E+1
8.48709000E+2	-7.86871399E+1
8.48713500E+2	-7.81565226E+1
8.48718000E+2	-7.80272728E+1
8.48722500E+2	-7.81057054E+1
8.48727000E+2	-7.82641013E+1
8.48731500E+2	-7.81340195E+1
8.48736000E+2	-7.80564969E+1
8.48740500E+2	-7.82086629E+1
8.48745000E+2	-7.77159556E+1
8.48749500E+2	-7.82239505E+1
8.48754000E+2	-7.81972937E+1
8.48758500E+2	-7.77511147E+1
8.48763000E+2	-7.81424372E+1
8.48767500E+2	-7.74716246E+1
8.48772000E+2	-7.80508724E+1
8.48776500E+2	-7.79867313E+1
8.48781000E+2	-7.85495252E+1
8.48785500E+2	-7.83971403E+1
8.48790000E+2	-7.77661354E+1
8.48794500E+2	-7.79374941E+1
8.48799000E+2	-7.82111997E+1
8.48803500E+2	-7.77567073E+1
8.48808000E+2	-7.79702530E+1
8.48812500E+2	-7.82694409E+1
8.48817000E+2	-7.79397695E+1
8.48821500E+2	-7.76880701E+1
8.48826000E+2	-7.79979116E+1
8.48830500E+2	-7.82205861E+1
8.48835000E+2	-7.81261564E+1
8.48839500E+2	-7.79281784E+1
8.48844000E+2	-7.80330861E+1
8.48848500E+2	-7.80796898E+1
8.48853000E+2	-7.79338218E+1
8.48857500E+2	-7.77236058E+1
8.48862000E+2	-7.74698243E+1
8.48866500E+2	-7.80836378E+1
8.48871000E+2	-7.80502342E+1
8.48875500E+2	-7.88155749E+1
8.48880000E+2	-7.87316658E+1
8.48884500E+2	-7.81682577E+1
8.48889000E+2	-7.80454771E+1
8.48893500E+2	-7.80471904E+1
8.48898000E+2	-7.78456658E+1
8.48902500E+2	-7.71819449E+1
8.48907000E+2	-7.75683406E+1
8.48911500E+2	-7.80733536E+1
8.48916000E+2	-7.81413795E+1
8.48920500E+2	-7.83926933E+1
8.48925000E+2	-7.73392519E+1
8.48929500E+2	-7.71892016E+1
8.48934000E+2	-7.80154200E+1
8.48938500E+2	-7.81155452E+1
8.48943000E+2	-7.82958373E+1
8.48947500E+2	-7.82565460E+1
8.48952000E+2	-7.80571138E+1
8.48956500E+2	-7.81860315E+1
8.48961000E+2	-7.83797952E+1
8.48965500E+2	-7.76385757E+1
8.48970000E+2	-7.80116745E+1
8.48974500E+2	-7.80312532E+1
8.48979000E+2	-7.77737421E+1
8.48983500E+2	-7.77449856E+1
8.48988000E+2	-7.76820588E+1
8.48992500E+2	-7.75823147E+1
8.48997000E+2	-7.73131662E+1
8.49001500E+2	-7.83793671E+1
8.49006000E+2	-7.83939066E+1
8.49010500E+2	-7.83032796E+1
8.49015000E+2	-7.84653161E+1
8.49019500E+2	-7.83387722E+1
8.49024000E+2	-7.86053837E+1
8.49028500E+2	-7.84689523E+1
8.49033000E+2	-7.81298657E+1
8.49037500E+2	-7.78465879E+1
8.49042000E+2	-7.74694228E+1
8.49046500E+2	-7.74969881E+1
8.49051000E+2	-7.74345246E+1
8.49055500E+2	-7.75493567E+1
8.49060000E+2	-7.74890501E+1
8.49064500E+2	-7.77006808E+1
8.49069000E+2	-7.77822392E+1
8.49073500E+2	-7.84725757E+1
8.49078000E+2	-7.80254053E+1
8.49082500E+2	-7.84826544E+1
8.49087000E+2	-7.82761746E+1
8.49091500E+2	-7.82883486E+1
8.49096000E+2	-7.82418067E+1
8.49100500E+2	-7.77238382E+1
8.49105000E+2	-7.73737596E+1
8.49109500E+2	-7.74720649E+1
8.49114000E+2	-7.70370689E+1
8.49118500E+2	-7.77716173E+1
8.49123000E+2	-7.69871885E+1
8.49127500E+2	-7.71098734E+1
8.49132000E+2	-7.61583025E+1
8.49136500E+2	-7.56021375E+1
8.49141000E+2	-7.48254842E+1
8.49145500E+2	-7.37815143E+1
8.49150000E+2	-7.26517395E+1
8.49154500E+2	-7.20828570E+1
8.49159000E+2	-7.14232343E+1
8.49163500E+2	-7.03407771E+1
8.49168000E+2	-6.94836753E+1
8.49172500E+2	-6.91809992E+1
8.49177000E+2	-6.78873326E+1
8.49181500E+2	-6.54741388E+1
8.49186000E+2	-6.13176850E+1
8.49190500E+2	-5.71812178E+1
8.49195000E+2	-5.32272215E+1
8.49199500E+2	-5.01532930E+1
8.49204000E+2	-4.79900522E+1
8.49208500E+2	-4.55870548E+1
8.49213000E+2	-4.49185931E+1
8.49217500E+2	-4.35238966E+1
8.49222000E+2	-4.28154041E+1
8.49226500E+2	-4.22550537E+1
8.49231000E+2	-4.16981073E+1
8.49235500E+2	-4.11826427E+1
8.49240000E+2	-4.07338306E+1
8.49244500E+2	-4.00239306E+1
8.49249000E+2	-3.95841138E+1
8.49253500E+2	-3.91738431E+1
8.49258000E+2	-3.88761850E+1
8.49262500E+2	-3.86175485E+1
8.49267000E+2	-3.83995323E+1
8.49271500E+2	-3.82371439E+1
8.49276000E+2	-3.81167507E+1
8.49280500E+2	-3.80740037E+1
8.49285000E+2	-3.81110272E+1
8.49289500E+2	-3.82333279E+1
8.49294000E+2	-3.85166737E+1
8.49298500E+2	-3.89975564E+1
8.49303000E+2	-3.96108429E+1
8.49307500E+2	-4.04292362E+1
8.49312000E+2	-4.13310234E+1
8.49316500E+2	-4.24477709E+1
8.49321000E+2	-4.42987609E+1
8.49325500E+2	-4.53736331E+1
8.49330000E+2	-4.68772844E+1
8.49334500E+2	-4.90861736E+1
8.49339000E+2	-5.18707760E+1
8.49343500E+2	-5.56958028E+1
8.49348000E+2	-6.11442364E+1
8.49352500E+2	-6.23199916E+1
8.49357000E+2	-6.47137124E+1
8.49361500E+2	-6.55904700E+1
8.49366000E+2	-6.63306137E+1
8.49370500E+2	-6.69822061E+1
8.49375000E+2	-6.77805486E+1
8.49379500E+2	-6.84507935E+1
8.49384000E+2	-6.88931951E+1
8.49388500E+2	-6.98724199E+1
8.49393000E+2	-7.02909838E+1
8.49397500E+2	-7.14772398E+1
8.49402000E+2	-7.22746077E+1
8.49406500E+2	-7.31771782E+1
8.49411000E+2	-7.41046881E+1
8.49415500E+2	-7.50480208E+1
8.49420000E+2	-7.59484855E+1
8.49424500E+2	-7.72947906E+1
8.49429000E+2	-7.74015610E+1
8.49433500E+2	-7.79052421E+1
8.49438000E+2	-7.80625458E+1
8.49442500E+2	-7.77712205E+1
8.49447000E+2	-7.74712324E+1
8.49451500E+2	-7.78150804E+1
8.49456000E+2	-7.79141470E+1
8.49460500E+2	-7.77639732E+1
8.49465000E+2	-7.81441957E+1
8.49469500E+2	-7.80497380E+1
8.49474000E+2	-7.78275024E+1
8.49478500E+2	-7.81071770E+1
8.49483000E+2	-7.74034571E+1
8.49487500E+2	-7.71486326E+1
8.49492000E+2	-7.78601813E+1
8.49496500E+2	-7.77315505E+1
8.49501000E+2	-7.79674627E+1
8.49505500E+2	-7.83012176E+1
8.49510000E+2	-7.83036932E+1
8.49514500E+2	-7.83413858E+1
8.49519000E+2	-7.83448660E+1
8.49523500E+2	-7.84423888E+1
8.49528000E+2	-7.83117900E+1
8.49532500E+2	-7.82886720E+1
8.49537000E+2	-7.88070475E+1
8.49541500E+2	-7.83510427E+1
8.49546000E+2	-7.74024160E+1
8.49550500E+2	-7.76564809E+1
8.49555000E+2	-7.79230653E+1
8.49559500E+2	-7.76919372E+1
8.49564000E+2	-7.81608917E+1
8.49568500E+2	-7.80854886E+1
8.49573000E+2	-7.81391323E+1
8.49577500E+2	-7.76176898E+1
8.49582000E+2	-7.79263272E+1
8.49586500E+2	-7.84633382E+1
8.49591000E+2	-7.83250377E+1
8.49595500E+2	-7.82179505E+1
8.49600000E+2	-7.78328331E+1
8.49604500E+2	-7.82950515E+1
8.49609000E+2	-7.81462355E+1
8.49613500E+2	-7.79421539E+1
8.49618000E+2	-7.80652175E+1
8.49622500E+2	-7.82371718E+1
8.49627000E+2	-7.86636587E+1
8.49631500E+2	-7.78337680E+1
8.49636000E+2	-7.82176265E+1
8.49640500E+2	-7.80821392E+1
8.49645000E+2	-7.78290405E+1
8.49649500E+2	-7.76617482E+1
8.49654000E+2	-7.82301666E+1
8.49658500E+2	-7.82404272E+1
8.49663000E+2	-7.82925570E+1
8.49667500E+2	-7.79898367E+1
8.49672000E+2	-7.79702680E+1
8.49676500E+2	-7.79447382E+1
8.49681000E+2	-7.81719779E+1
8.49685500E+2	-7.76950146E+1
8.49690000E+2	-7.78109758E+1
8.49694500E+2	-7.80860260E+1
8.49699000E+2	-7.76663621E+1
8.49703500E+2	-7.75449044E+1
8.49708000E+2	-7.82896259E+1
8.49712500E+2	-7.84406412E+1
8.49717000E+2	-7.77744893E+1
8.49721500E+2	-7.74828447E+1
8.49726000E+2	-7.83977222E+1
8.49730500E+2	-7.84522974E+1
8.49735000E+2	-7.88890660E+1
8.49739500E+2	-7.76911175E+1
8.49744000E+2	-7.84575342E+1
8.49748500E+2	-7.85224418E+1
8.49753000E+2	-7.84360942E+1
8.49757500E+2	-7.78479387E+1
8.49762000E+2	-7.80883246E+1
8.49766500E+2	-7.73231709E+1
8.49771000E+2	-7.81103183E+1
8.49775500E+2	-7.78258933E+1
8.49780000E+2	-7.77751512E+1
8.49784500E+2	-7.80698516E+1
8.49789000E+2	-7.82343272E+1
8.49793500E+2	-7.83020130E+1
8.49798000E+2	-7.78376460E+1
8.49802500E+2	-7.80919913E+1
8.49807000E+2	-7.84082816E+1
8.49811500E+2	-7.79753638E+1
8.49816000E+2	-7.79894492E+1
8.49820500E+2	-7.77378812E+1
8.49825000E+2	-7.80937222E+1
8.49829500E+2	-7.79639805E+1
8.49834000E+2	-7.79974973E+1
8.49838500E+2	-7.80156128E+1
8.49843000E+2	-7.79551369E+1
8.49847500E+2	-7.80109117E+1
8.49852000E+2	-7.79260302E+1
8.49856500E+2	-7.77486978E+1
8.49861000E+2	-7.82097978E+1
8.49865500E+2	-7.79973086E+1
8.49870000E+2	-7.79827272E+1
8.49874500E+2	-7.78145634E+1
8.49879000E+2	-7.81133934E+1
8.49883500E+2	-7.79559898E+1
8.49888000E+2	-7.82907071E+1
8.49892500E+2	-7.82122717E+1
8.49897000E+2	-7.78067686E+1
8.49901500E+2	-7.77366387E+1
8.49906000E+2	-7.81460873E+1
8.49910500E+2	-7.82580759E+1
8.49915000E+2	-7.82255282E+1
8.49919500E+2	-7.80554463E+1
8.49924000E+2	-7.74981373E+1
8.49928500E+2	-7.79990759E+1
8.49933000E+2	-7.80636143E+1
8.49937500E+2	-7.82487610E+1
8.49942000E+2	-7.83285440E+1
8.49946500E+2	-7.78300198E+1
8.49951000E+2	-7.74116444E+1
8.49955500E+2	-7.73135871E+1
8.49960000E+2	-7.76467929E+1
8.49964500E+2	-7.81090132E+1
8.49969000E+2	-7.83088825E+1
8.49973500E+2	-7.78225899E+1
8.49978000E+2	-7.81860590E+1
8.49982500E+2	-7.83001587E+1
8.49987000E+2	-7.81970914E+1
8.49991500E+2	-7.82469058E+1
8.49996000E+2	-7.81681582E+1
8.50000500E+2	-7.76815512E+1
8.50005000E+2	-7.84384719E+1
8.50009500E+2	-7.83690535E+1
8.50014000E+2	-7.83373160E+1
8.50018500E+2	-7.80729894E+1
8.50023000E+2	-7.79604143E+1
8.50027500E+2	-7.80998633E+1
8.50032000E+2	-7.82375841E+1
8.50036500E+2	-7.81572597E+1
8.50041000E+2	-7.75961570E+1
8.50045500E+2	-7.77142313E+1
8.50050000E+2	-7.74474349E+1
8.50054500E+2	-7.79816749E+1
8.50059000E+2	-7.80070474E+1
8.50063500E+2	-7.83423879E+1
8.50068000E+2	-7.82759186E+1
8.50072500E+2	-7.80173651E+1
8.50077000E+2	-7.84796444E+1
8.50081500E+2	-7.82982236E+1
8.50086000E+2	-7.79234004E+1
8.50090500E+2	-7.78917259E+1
8.50095000E+2	-7.80192720E+1
8.50099500E+2	-7.79691843E+1
8.50104000E+2	-7.81118681E+1
8.50108500E+2	-7.75514868E+1
8.50113000E+2	-7.77726030E+1
8.50117500E+2	-7.86123415E+1
8.50122000E+2	-7.83436854E+1
8.50126500E+2	-7.84352011E+1
8.50131000E+2	-7.79618481E+1
8.50135500E+2	-7.75218744E+1
8.50140000E+2	-7.80124381E+1
8.50144500E+2	-7.80964283E+1
8.50149000E+2	-7.81336539E+1
8.50153500E+2	-7.81130886E+1
8.50158000E+2	-7.81454397E+1
8.50162500E+2	-7.82081619E+1
8.50167000E+2	-7.80928192E+1
8.50171500E+2	-7.79270653E+1
8.50176000E+2	-7.80093920E+1
8.50180500E+2	-7.72735815E+1
8.50185000E+2	-7.80865802E+1
8.50189500E+2	-7.79964015E+1
8.50194000E+2	-7.75706041E+1
8.50198500E+2	-7.79910584E+1
8.50203000E+2	-7.74487551E+1
8.50207500E+2	-7.77858550E+1
8.50212000E+2	-7.82071732E+1
8.50216500E+2	-7.86597416E+1
8.50221000E+2	-7.82351468E+1
8.50225500E+2	-7.79737548E+1
8.50230000E+2	-7.83193539E+1
8.50234500E+2	-7.84168126E+1
8.50239000E+2	-7.78479774E+1
8.50243500E+2	-7.75238992E+1
8.50248000E+2	-7.73713911E+1
8.50252500E+2	-7.75831578E+1
8.50257000E+2	-7.82343256E+1
8.50261500E+2	-7.83087944E+1
8.50266000E+2	-7.82417973E+1
8.50270500E+2	-7.77526680E+1
8.50275000E+2	-7.83623606E+1
8.50279500E+2	-7.88018089E+1
8.50284000E+2	-7.81298085E+1
8.50288500E+2	-7.79205251E+1
8.50293000E+2	-7.77716194E+1
8.50297500E+2	-7.78082617E+1
8.50302000E+2	-7.76962879E+1
8.50306500E+2	-7.72269043E+1
8.50311000E+2	-7.76095243E+1
8.50315500E+2	-7.77501736E+1
8.50320000E+2	-7.80317057E+1
8.50324500E+2	-7.85741652E+1
8.50329000E+2	-7.86745893E+1
8.50333500E+2	-7.83352084E+1
8.50338000E+2	-7.82031227E+1
8.50342500E+2	-7.80814470E+1
8.50347000E+2	-7.81913902E+1
8.50351500E+2	-7.81873226E+1
8.50356000E+2	-7.81719835E+1
8.50360500E+2	-7.79297916E+1
8.50365000E+2	-7.83872514E+1
8.50369500E+2	-7.79365906E+1
8.50374000E+2	-7.75522140E+1
8.50378500E+2	-7.78899857E+1
8.50383000E+2	-7.79562960E+1
8.50387500E+2	-7.80539544E+1
8.50392000E+2	-7.78014354E+1
8.50396500E+2	-7.82332185E+1
8.50401000E+2	-7.79302073E+1
8.50405500E+2	-7.84721148E+1
8.50410000E+2	-7.84054636E+1
8.50414500E+2	-7.84831153E+1
8.50419000E+2	-7.78856744E+1
8.50423500E+2	-7.78756004E+1
8.50428000E+2	-7.79194994E+1
8.50432500E+2	-7.81122806E+1
8.50437000E+2	-7.83909401E+1
8.50441500E+2	-7.75010417E+1
8.50446000E+2	-7.76638243E+1
8.50450500E+2	-7.77159397E+1
8.50455000E+2	-7.77999583E+1
8.50459500E+2	-7.81323491E+1
8.50464000E+2	-7.88297106E+1
8.50468500E+2	-7.79937061E+1
8.50473000E+2	-7.79153390E+1
8.50477500E+2	-7.74876171E+1
8.50482000E+2	-7.76726157E+1
8.50486500E+2	-7.74727010E+1
8.50491000E+2	-7.75011421E+1
8.50495500E+2	-7.72019686E+1
8.50500000E+2	-7.78379749E+1
