8.46000000E+2	-7.84658711E+1
8.46004500E+2	-7.77994735E+1
8.46009000E+2	-7.77756680E+1
8.46013500E+2	-7.84992344E+1
8.46018000E+2	-7.83053896E+1
8.46022500E+2	-7.81467665E+1
8.46027000E+2	-7.81313018E+1
8.46031500E+2	-7.83040306E+1
8.46036000E+2	-7.81945412E+1
8.46040500E+2	-7.79109529E+1
8.46045000E+2	-7.80953480E+1
8.46049500E+2	-7.81665321E+1
8.46054000E+2	-7.74177339E+1
8.46058500E+2	-7.73449401E+1
8.46063000E+2	-7.80478158E+1
8.46067500E+2	-7.82389130E+1
8.46072000E+2	-7.85171303E+1
8.46076500E+2	-7.83968663E+1
8.46081000E+2	-7.81727309E+1
8.46085500E+2	-7.84158895E+1
8.46090000E+2	-7.86406388E+1
8.46094500E+2	-7.84506922E+1
8.46099000E+2	-7.81473176E+1
8.46103500E+2	-7.75087113E+1
8.46108000E+2	-7.79595624E+1
8.46112500E+2	-7.77428948E+1
8.46117000E+2	-7.80889213E+1
8.46121500E+2	-7.83626456E+1
8.46126000E+2	-7.77892628E+1
8.46130500E+2	-7.77550209E+1
8.46135000E+2	-7.81429737E+1
8.46139500E+2	-7.76462891E+1
8.46144000E+2	-7.80188686E+1
8.46148500E+2	-7.82532147E+1
8.46153000E+2	-7.77736445E+1
8.46157500E+2	-7.74814200E+1
8.46162000E+2	-7.82972207E+1
8.46166500E+2	-7.84252576E+1
8.46171000E+2	-7.86862742E+1
8.46175500E+2	-7.87752863E+1
8.46180000E+2	-7.89521763E+1
8.46184500E+2	-7.86245070E+1
8.46189000E+2	-7.84524758E+1
8.46193500E+2	-7.86421709E+1
8.46198000E+2	-7.74893043E+1
8.46202500E+2	-7.76901097E+1
8.46207000E+2	-7.74749871E+1
8.46211500E+2	-7.73688720E+1
8.46216000E+2	-7.73577582E+1
8.46220500E+2	-7.79725915E+1
8.46225000E+2	-7.77139455E+1
8.46229500E+2	-7.85298755E+1
8.46234000E+2	-7.81991259E+1
8.46238500E+2	-7.84673189E+1
8.46243000E+2	-7.82429439E+1
8.46247500E+2	-7.83538744E+1
8.46252000E+2	-7.83617598E+1
8.46256500E+2	-7.77445044E+1
8.46261000E+2	-7.76050032E+1
8.46265500E+2	-7.79566441E+1
8.46270000E+2	-7.82626807E+1
8.46274500E+2	-7.83312702E+1
8.46279000E+2	-7.87789311E+1
8.46283500E+2	-7.83702094E+1
8.46288000E+2	-7.83421668E+1
8.46292500E+2	-7.85677667E+1
8.46297000E+2	-7.77273407E+1
8.46301500E+2	-7.85404482E+1
8.46306000E+2	-7.82279718E+1
8.46310500E+2	-7.84114231E+1
8.46315000E+2	-7.77240908E+1
8.46319500E+2	-7.81819989E+1
8.46324000E+2	-7.81079619E+1
8.46328500E+2	-7.76138577E+1
8.46333000E+2	-7.76764508E+1
8.46337500E+2	-7.89052429E+1
8.46342000E+2	-7.90672774E+1
8.46346500E+2	-7.82111995E+1
8.46351000E+2	-7.86763223E+1
8.46355500E+2	-7.83230275E+1
8.46360000E+2	-7.83094997E+1
8.46364500E+2	-7.81489751E+1
8.46369000E+2	-7.85000040E+1
8.46373500E+2	-7.90166985E+1
8.46378000E+2	-7.84023016E+1
8.46382500E+2	-7.77846403E+1
8.46387000E+2	-7.80073363E+1
8.46391500E+2	-7.84567587E+1
8.46396000E+2	-7.79641951E+1
8.46400500E+2	-7.74921308E+1
8.46405000E+2	-7.75183934E+1
8.46409500E+2	-7.80130456E+1
8.46414000E+2	-7.78080320E+1
8.46418500E+2	-7.91597358E+1
8.46423000E+2	-7.85178069E+1
8.46427500E+2	-7.80540441E+1
8.46432000E+2	-7.83174316E+1
8.46436500E+2	-7.80869952E+1
8.46441000E+2	-7.78729228E+1
8.46445500E+2	-7.82006051E+1
8.46450000E+2	-7.80922533E+1
8.46454500E+2	-7.85014980E+1
8.46459000E+2	-7.80099972E+1
8.46463500E+2	-7.79294987E+1
8.46468000E+2	-7.75862710E+1
8.46472500E+2	-7.73387244E+1
8.46477000E+2	-7.80218055E+1
8.46481500E+2	-7.82434086E+1
8.46486000E+2	-7.76507669E+1
8.46490500E+2	-7.78513537E+1
8.46495000E+2	-7.85843256E+1
8.46499500E+2	-7.86728669E+1
8.46504000E+2	-7.82429823E+1
8.46508500E+2	-7.86834318E+1
8.46513000E+2	-7.83761791E+1
8.46517500E+2	-7.80761392E+1
8.46522000E+2	-7.79725939E+1
8.46526500E+2	-7.84622766E+1
8.46531000E+2	-7.91506065E+1
8.46535500E+2	-7.82096100E+1
8.46540000E+2	-7.76542347E+1
8.46544500E+2	-7.77045203E+1
8.46549000E+2	-7.82743089E+1
8.46553500E+2	-7.74840276E+1
8.46558000E+2	-7.76718551E+1
8.46562500E+2	-7.81124692E+1
8.46567000E+2	-7.76989941E+1
8.46571500E+2	-7.75202007E+1
8.46576000E+2	-7.74132979E+1
8.46580500E+2	-7.68294389E+1
8.46585000E+2	-7.80332557E+1
8.46589500E+2	-7.76070587E+1
8.46594000E+2	-7.73489132E+1
8.46598500E+2	-7.77252005E+1
8.46603000E+2	-7.80244126E+1
8.46607500E+2	-7.73740058E+1
8.46612000E+2	-7.78651568E+1
8.46616500E+2	-7.79015716E+1
8.46621000E+2	-7.66389742E+1
8.46625500E+2	-7.65749417E+1
8.46630000E+2	-7.65990780E+1
8.46634500E+2	-7.69698601E+1
8.46639000E+2	-7.65644610E+1
8.46643500E+2	-7.65723691E+1
8.46648000E+2	-7.66912809E+1
8.46652500E+2	-7.65793738E+1
8.46657000E+2	-7.65236674E+1
8.46661500E+2	-7.61093990E+1
8.46666000E+2	-7.71217465E+1
8.46670500E+2	-7.76245258E+1
8.46675000E+2	-7.73386959E+1
8.46679500E+2	-7.70582287E+1
8.46684000E+2	-7.68688081E+1
8.46688500E+2	-7.69321656E+1
8.46693000E+2	-7.71064976E+1
8.46697500E+2	-7.74989272E+1
8.46702000E+2	-7.68284751E+1
8.46706500E+2	-7.70951365E+1
8.46711000E+2	-7.73790991E+1
8.46715500E+2	-7.75823300E+1
8.46720000E+2	-7.83551188E+1
8.46724500E+2	-7.82853447E+1
8.46729000E+2	-7.81614886E+1
8.46733500E+2	-7.80310275E+1
8.46738000E+2	-7.78764178E+1
8.46742500E+2	-7.86118899E+1
8.46747000E+2	-7.79609951E+1
8.46751500E+2	-7.80351494E+1
8.46756000E+2	-7.74335583E+1
8.46760500E+2	-7.78830576E+1
8.46765000E+2	-7.77631752E+1
8.46769500E+2	-7.83243289E+1
8.46774000E+2	-7.85183677E+1
8.46778500E+2	-7.88610717E+1
8.46783000E+2	-7.89019196E+1
8.46787500E+2	-7.83449068E+1
8.46792000E+2	-7.76390174E+1
8.46796500E+2	-7.80973080E+1
8.46801000E+2	-7.78595199E+1
8.46805500E+2	-7.83925434E+1
8.46810000E+2	-7.79435186E+1
8.46814500E+2	-7.79222070E+1
8.46819000E+2	-7.83088718E+1
8.46823500E+2	-7.81984968E+1
8.46828000E+2	-7.88567735E+1
8.46832500E+2	-7.90230730E+1
8.46837000E+2	-7.79532173E+1
8.46841500E+2	-7.79598443E+1
8.46846000E+2	-7.83603649E+1
8.46850500E+2	-7.79507483E+1
8.46855000E+2	-7.74737566E+1
8.46859500E+2	-7.67293255E+1
8.46864000E+2	-7.88435930E+1
8.46868500E+2	-7.87369794E+1
8.46873000E+2	-7.84580922E+1
8.46877500E+2	-7.82567618E+1
8.46882000E+2	-7.78625625E+1
8.46886500E+2	-7.83748772E+1
8.46891000E+2	-7.79387389E+1
8.46895500E+2	-7.83793845E+1
8.46900000E+2	-7.82083491E+1
8.46904500E+2	-7.83615182E+1
8.46909000E+2	-7.88968011E+1
8.46913500E+2	-7.81247952E+1
8.46918000E+2	-7.83274097E+1
8.46922500E+2	-7.93404504E+1
8.46927000E+2	-7.88367665E+1
8.46931500E+2	-7.87350467E+1
8.46936000E+2	-7.84911728E+1
8.46940500E+2	-7.89427884E+1
8.46945000E+2	-7.83629115E+1
8.46949500E+2	-7.87469748E+1
8.46954000E+2	-7.84684667E+1
8.46958500E+2	-7.74206780E+1
8.46963000E+2	-7.78232061E+1
8.46967500E+2	-7.81968332E+1
8.46972000E+2	-7.74862878E+1
8.46976500E+2	-7.81697916E+1
8.46981000E+2	-7.90114945E+1
8.46985500E+2	-7.82200608E+1
8.46990000E+2	-7.83134141E+1
8.46994500E+2	-7.80940175E+1
8.46999000E+2	-7.79659432E+1
8.47003500E+2	-7.82248297E+1
8.47008000E+2	-7.85657354E+1
8.47012500E+2	-7.81124664E+1
8.47017000E+2	-7.74189823E+1
8.47021500E+2	-7.77166598E+1
8.47026000E+2	-7.81726677E+1
8.47030500E+2	-7.88737659E+1
8.47035000E+2	-7.77895748E+1
8.47039500E+2	-7.84251215E+1
8.47044000E+2	-7.75456482E+1
8.47048500E+2	-7.81986073E+1
8.47053000E+2	-7.83317366E+1
8.47057500E+2	-7.83636071E+1
8.47062000E+2	-7.82039747E+1
8.47066500E+2	-7.85918596E+1
8.47071000E+2	-7.78988037E+1
8.47075500E+2	-7.78826304E+1
8.47080000E+2	-7.84226878E+1
8.47084500E+2	-7.76167043E+1
8.47089000E+2	-7.84312168E+1
8.47093500E+2	-7.87775769E+1
8.47098000E+2	-7.87708722E+1
8.47102500E+2	-7.83291602E+1
8.47107000E+2	-7.71543295E+1
8.47111500E+2	-7.81509600E+1
8.47116000E+2	-7.84740887E+1
8.47120500E+2	-7.83971297E+1
8.47125000E+2	-7.90803427E+1
8.47129500E+2	-7.80063667E+1
8.47134000E+2	-7.81075452E+1
8.47138500E+2	-7.77631901E+1
8.47143000E+2	-7.78310355E+1
8.47147500E+2	-7.91617600E+1
8.47152000E+2	-7.87996977E+1
8.47156500E+2	-7.80757776E+1
8.47161000E+2	-7.75261092E+1
8.47165500E+2	-7.82043702E+1
8.47170000E+2	-7.77621282E+1
8.47174500E+2	-7.78726216E+1
8.47179000E+2	-7.84760380E+1
8.47183500E+2	-7.84110743E+1
8.47188000E+2	-7.80409219E+1
8.47192500E+2	-7.84887128E+1
8.47197000E+2	-7.81483184E+1
8.47201500E+2	-7.84540598E+1
8.47206000E+2	-7.82248836E+1
8.47210500E+2	-7.81944852E+1
8.47215000E+2	-7.77238534E+1
8.47219500E+2	-7.81998365E+1
8.47224000E+2	-7.80488546E+1
8.47228500E+2	-7.78087646E+1
8.47233000E+2	-7.78540436E+1
8.47237500E+2	-7.80860294E+1
8.47242000E+2	-7.81981776E+1
8.47246500E+2	-7.83857047E+1
8.47251000E+2	-7.86084327E+1
8.47255500E+2	-7.78880691E+1
8.47260000E+2	-7.82418382E+1
8.47264500E+2	-7.80579123E+1
8.47269000E+2	-7.84842951E+1
8.47273500E+2	-7.86525101E+1
8.47278000E+2	-7.83801248E+1
8.47282500E+2	-7.82179712E+1
8.47287000E+2	-7.88278244E+1
8.47291500E+2	-7.83741595E+1
8.47296000E+2	-7.84684251E+1
8.47300500E+2	-7.82395004E+1
8.47305000E+2	-7.86693841E+1
8.47309500E+2	-7.80594981E+1
8.47314000E+2	-7.85050829E+1
8.47318500E+2	-7.83257485E+1
8.47323000E+2	-7.82302483E+1
8.47327500E+2	-7.86005057E+1
8.47332000E+2	-7.75518755E+1
8.47336500E+2	-7.77208541E+1
8.47341000E+2	-7.77063693E+1
8.47345500E+2	-7.83884140E+1
8.47350000E+2	-7.79788198E+1
8.47354500E+2	-7.79298228E+1
8.47359000E+2	-7.77220128E+1
8.47363500E+2	-7.83130326E+1
8.47368000E+2	-7.85007339E+1
8.47372500E+2	-7.83701465E+1
8.47377000E+2	-7.72834395E+1
8.47381500E+2	-7.87835924E+1
8.47386000E+2	-7.83043197E+1
8.47390500E+2	-7.76694588E+1
8.47395000E+2	-7.86653951E+1
8.47399500E+2	-7.91358874E+1
8.47404000E+2	-7.84075991E+1
8.47408500E+2	-7.87089731E+1
8.47413000E+2	-7.77136000E+1
8.47417500E+2	-7.73197550E+1
8.47422000E+2	-7.73389062E+1
8.47426500E+2	-7.74724518E+1
8.47431000E+2	-7.80236451E+1
8.47435500E+2	-7.77386092E+1
8.47440000E+2	-7.84103987E+1
8.47444500E+2	-7.76199540E+1
8.47449000E+2	-7.79361610E+1
8.47453500E+2	-7.81165418E+1
8.47458000E+2	-7.76692453E+1
8.47462500E+2	-7.81457452E+1
8.47467000E+2	-7.80391916E+1
8.47471500E+2	-7.84656057E+1
8.47476000E+2	-7.90940697E+1
8.47480500E+2	-7.79127402E+1
8.47485000E+2	-7.76664479E+1
8.47489500E+2	-7.73041530E+1
8.47494000E+2	-7.73536938E+1
8.47498500E+2	-7.72987466E+1
8.47503000E+2	-7.78107175E+1
8.47507500E+2	-7.78344445E+1
8.47512000E+2	-7.64693153E+1
8.47516500E+2	-7.69443903E+1
8.47521000E+2	-7.73227598E+1
8.47525500E+2	-7.64761030E+1
8.47530000E+2	-7.68438341E+1
8.47534500E+2	-7.72212342E+1
8.47539000E+2	-7.63665516E+1
8.47543500E+2	-7.63637354E+1
8.47548000E+2	-7.51352936E+1
8.47552500E+2	-7.52253911E+1
8.47557000E+2	-7.59845966E+1
8.47561500E+2	-7.61757970E+1
8.47566000E+2	-7.55679001E+1
8.47570500E+2	-7.56188201E+1
8.47575000E+2	-7.53428417E+1
8.47579500E+2	-7.54158128E+1
8.47584000E+2	-7.61622736E+1
8.47588500E+2	-7.59109526E+1
8.47593000E+2	-7.59015008E+1
8.47597500E+2	-7.61457420E+1
8.47602000E+2	-7.54394497E+1
8.47606500E+2	-7.56321057E+1
8.47611000E+2	-7.54212393E+1
8.47615500E+2	-7.58813396E+1
8.47620000E+2	-7.61981350E+1
8.47624500E+2	-7.63638136E+1
8.47629000E+2	-7.64453072E+1
8.47633500E+2	-7.73397707E+1
8.47638000E+2	-7.68390317E+1
8.47642500E+2	-7.68208354E+1
8.47647000E+2	-7.71321177E+1
8.47651500E+2	-7.68220297E+1
8.47656000E+2	-7.70056902E+1
8.47660500E+2	-7.74569049E+1
8.47665000E+2	-7.82925334E+1
8.47669500E+2	-7.80167549E+1
8.47674000E+2	-7.67540377E+1
8.47678500E+2	-7.75541920E+1
8.47683000E+2	-7.79838550E+1
8.47687500E+2	-7.78665559E+1
8.47692000E+2	-7.73852218E+1
8.47696500E+2	-7.77867129E+1
8.47701000E+2	-7.70509276E+1
8.47705500E+2	-7.79554415E+1
8.47710000E+2	-7.73398404E+1
8.47714500E+2	-7.84714600E+1
8.47719000E+2	-7.78198719E+1
8.47723500E+2	-7.79769238E+1
8.47728000E+2	-7.80062671E+1
8.47732500E+2	-7.77580612E+1
8.47737000E+2	-7.85676130E+1
8.47741500E+2	-7.85919644E+1
8.47746000E+2	-7.84057136E+1
8.47750500E+2	-7.83158566E+1
8.47755000E+2	-7.74493116E+1
8.47759500E+2	-7.78430935E+1
8.47764000E+2	-7.78384192E+1
8.47768500E+2	-7.80503178E+1
8.47773000E+2	-7.82138831E+1
8.47777500E+2	-7.80199160E+1
8.47782000E+2	-7.81821771E+1
8.47786500E+2	-7.84010773E+1
8.47791000E+2	-7.85659538E+1
8.47795500E+2	-7.84034500E+1
8.47800000E+2	-7.79681384E+1
8.47804500E+2	-7.83042643E+1
8.47809000E+2	-7.84869595E+1
8.47813500E+2	-7.87951085E+1
8.47818000E+2	-7.80202342E+1
8.47822500E+2	-7.81144986E+1
8.47827000E+2	-7.83779517E+1
8.47831500E+2	-7.82613623E+1
8.47836000E+2	-7.82538054E+1
8.47840500E+2	-7.81777836E+1
8.47845000E+2	-7.82251818E+1
8.47849500E+2	-7.84668116E+1
8.47854000E+2	-7.86954103E+1
8.47858500E+2	-7.80649270E+1
8.47863000E+2	-7.75697974E+1
8.47867500E+2	-7.83866155E+1
8.47872000E+2	-7.73228662E+1
8.47876500E+2	-7.75089291E+1
8.47881000E+2	-7.70196303E+1
8.47885500E+2	-7.75752486E+1
8.47890000E+2	-7.72331663E+1
8.47894500E+2	-7.70023845E+1
8.47899000E+2	-7.69538039E+1
8.47903500E+2	-7.55051977E+1
8.47908000E+2	-7.49767717E+1
8.47912500E+2	-7.51333639E+1
8.47917000E+2	-7.48645027E+1
8.47921500E+2	-7.49493053E+1
8.47926000E+2	-7.44280527E+1
8.47930500E+2	-7.33592350E+1
8.47935000E+2	-7.33425709E+1
8.47939500E+2	-7.32977827E+1
8.47944000E+2	-7.33171112E+1
8.47948500E+2	-7.31807437E+1
8.47953000E+2	-7.33564687E+1
8.47957500E+2	-7.37180150E+1
8.47962000E+2	-7.39594287E+1
8.47966500E+2	-7.45364206E+1
8.47971000E+2	-7.49160624E+1
8.47975500E+2	-7.47143235E+1
8.47980000E+2	-7.49387806E+1
8.47984500E+2	-7.52075067E+1
8.47989000E+2	-7.57901092E+1
8.47993500E+2	-7.65184200E+1
8.47998000E+2	-7.71329598E+1
8.48002500E+2	-7.78549414E+1
8.48007000E+2	-7.69875371E+1
8.48011500E+2	-7.73675331E+1
8.48016000E+2	-7.74849696E+1
8.48020500E+2	-7.70257589E+1
8.48025000E+2	-7.71951270E+1
8.48029500E+2	-7.79700602E+1
8.48034000E+2	-7.79046540E+1
8.48038500E+2	-7.74591072E+1
8.48043000E+2	-7.83583976E+1
8.48047500E+2	-7.84855180E+1
8.48052000E+2	-7.79040838E+1
8.48056500E+2	-7.86316121E+1
8.48061000E+2	-7.82275825E+1
8.48065500E+2	-7.88401075E+1
8.48070000E+2	-7.78016631E+1
8.48074500E+2	-7.87830974E+1
8.48079000E+2	-7.87134083E+1
8.48083500E+2	-7.79183740E+1
8.48088000E+2	-7.77743110E+1
8.48092500E+2	-7.80450191E+1
8.48097000E+2	-7.75110369E+1
8.48101500E+2	-7.81124707E+1
8.48106000E+2	-7.85230653E+1
8.48110500E+2	-7.81956780E+1
8.48115000E+2	-7.82366351E+1
8.48119500E+2	-7.85567496E+1
8.48124000E+2	-7.87804693E+1
8.48128500E+2	-7.86852575E+1
8.48133000E+2	-7.86030606E+1
8.48137500E+2	-7.85819398E+1
8.48142000E+2	-7.83594742E+1
8.48146500E+2	-7.81790272E+1
8.48151000E+2	-7.77968457E+1
8.48155500E+2	-7.78728209E+1
8.48160000E+2	-7.74717443E+1
8.48164500E+2	-7.86657422E+1
8.48169000E+2	-7.85661786E+1
8.48173500E+2	-7.80129175E+1
8.48178000E+2	-7.87689313E+1
8.48182500E+2	-7.88317256E+1
8.48187000E+2	-7.83210207E+1
8.48191500E+2	-7.79996253E+1
8.48196000E+2	-7.80861174E+1
8.48200500E+2	-7.75969518E+1
8.48205000E+2	-7.81647783E+1
8.48209500E+2	-7.82383480E+1
8.48214000E+2	-7.87640135E+1
8.48218500E+2	-7.78673290E+1
8.48223000E+2	-7.83007934E+1
8.48227500E+2	-7.84066662E+1
8.48232000E+2	-7.83881487E+1
8.48236500E+2	-7.75504206E+1
8.48241000E+2	-7.76693046E+1
8.48245500E+2	-7.85977282E+1
8.48250000E+2	-7.85604177E+1
8.48254500E+2	-7.85175795E+1
8.48259000E+2	-7.84411873E+1
8.48263500E+2	-7.82057177E+1
8.48268000E+2	-7.77282414E+1
8.48272500E+2	-7.86897055E+1
8.48277000E+2	-7.84852414E+1
8.48281500E+2	-7.82753461E+1
8.48286000E+2	-7.75968973E+1
8.48290500E+2	-7.73972358E+1
8.48295000E+2	-7.79485885E+1
8.48299500E+2	-7.78710328E+1
8.48304000E+2	-7.87163334E+1
8.48308500E+2	-7.81595065E+1
8.48313000E+2	-7.81262899E+1
8.48317500E+2	-7.78568919E+1
8.48322000E+2	-7.77631960E+1
8.48326500E+2	-7.83059676E+1
8.48331000E+2	-7.83263027E+1
8.48335500E+2	-7.88385475E+1
8.48340000E+2	-7.86113588E+1
8.48344500E+2	-7.84833425E+1
8.48349000E+2	-7.79537689E+1
8.48353500E+2	-7.78793041E+1
8.48358000E+2	-7.80552034E+1
8.48362500E+2	-7.83193354E+1
8.48367000E+2	-7.81299040E+1
8.48371500E+2	-7.86603576E+1
8.48376000E+2	-7.78815695E+1
8.48380500E+2	-7.76974758E+1
8.48385000E+2	-7.77864854E+1
8.48389500E+2	-7.81366358E+1
8.48394000E+2	-7.80962433E+1
8.48398500E+2	-7.83375535E+1
8.48403000E+2	-7.82788247E+1
8.48407500E+2	-7.86699671E+1
8.48412000E+2	-7.83517059E+1
8.48416500E+2	-7.79513272E+1
8.48421000E+2	-7.80356845E+1
8.48425500E+2	-7.82249762E+1
8.48430000E+2	-7.85784226E+1
8.48434500E+2	-7.85264309E+1
8.48439000E+2	-7.86101694E+1
8.48443500E+2	-7.79881863E+1
8.48448000E+2	-7.82996203E+1
8.48452500E+2	-7.86870071E+1
8.48457000E+2	-7.83689276E+1
8.48461500E+2	-7.82747896E+1
8.48466000E+2	-7.79337518E+1
8.48470500E+2	-7.87736441E+1
8.48475000E+2	-7.90225091E+1
8.48479500E+2	-7.82690085E+1
8.48484000E+2	-7.87676811E+1
8.48488500E+2	-7.77915173E+1
8.48493000E+2	-7.86671912E+1
8.48497500E+2	-7.95577929E+1
8.48502000E+2	-7.92259090E+1
8.48506500E+2	-7.85689613E+1
8.48511000E+2	-7.84511818E+1
8.48515500E+2	-7.78571262E+1
8.48520000E+2	-7.78131120E+1
8.48524500E+2	-7.70765665E+1
8.48529000E+2	-7.84081324E+1
8.48533500E+2	-7.84977654E+1
8.48538000E+2	-7.79448124E+1
8.48542500E+2	-7.84616162E+1
8.48547000E+2	-7.86385031E+1
8.48551500E+2	-7.83913441E+1
8.48556000E+2	-7.76032440E+1
8.48560500E+2	-7.82647822E+1
8.48565000E+2	-7.78104894E+1
8.48569500E+2	-7.82261670E+1
8.48574000E+2	-7.85311641E+1
8.48578500E+2	-7.82978794E+1
8.48583000E+2	-7.74669760E+1
8.48587500E+2	-7.78593821E+1
8.48592000E+2	-7.82913853E+1
8.48596500E+2	-7.84988736E+1
8.48601000E+2	-7.83107685E+1
8.48605500E+2	-7.81224044E+1
8.48610000E+2	-7.79501772E+1
8.48614500E+2	-7.84093378E+1
8.48619000E+2	-7.83640631E+1
8.48623500E+2	-7.86713107E+1
8.48628000E+2	-7.79565530E+1
8.48632500E+2	-7.76630032E+1
8.48637000E+2	-7.81731875E+1
8.48641500E+2	-7.76564769E+1
8.48646000E+2	-7.73208547E+1
8.48650500E+2	-7.75851484E+1
8.48655000E+2	-7.80683491E+1
8.48659500E+2	-7.76893614E+1
8.48664000E+2	-7.77369802E+1
8.48668500E+2	-7.79153727E+1
8.48673000E+2	-7.76913684E+1
8.48677500E+2	-7.85657043E+1
8.48682000E+2	-7.88557409E+1
8.48686500E+2	-7.79643479E+1
8.48691000E+2	-7.76285110E+1
8.48695500E+2	-7.82357769E+1
8.48700000E+2	-7.85444331E+1
8.48704500E+2	-7.78195573E+1
8.48709000E+2	-7.83468251E+1
8.48713500E+2	-7.77709823E+1
8.48718000E+2	-7.78488733E+1
8.48722500E+2	-7.82542646E+1
8.48727000E+2	-7.77460641E+1
8.48731500E+2	-7.76770929E+1
8.48736000E+2	-7.70780967E+1
8.48740500E+2	-7.72604547E+1
8.48745000E+2	-7.68333241E+1
8.48749500E+2	-7.80146153E+1
8.48754000E+2	-7.89816108E+1
8.48758500E+2	-7.86108636E+1
8.48763000E+2	-7.88239004E+1
8.48767500E+2	-7.88569371E+1
8.48772000E+2	-7.91979794E+1
8.48776500E+2	-7.86391895E+1
8.48781000E+2	-7.80117877E+1
8.48785500E+2	-7.79333124E+1
8.48790000E+2	-7.91688630E+1
8.48794500E+2	-7.88422737E+1
8.48799000E+2	-7.87445932E+1
8.48803500E+2	-7.75404468E+1
8.48808000E+2	-7.85002277E+1
8.48812500E+2	-7.83704289E+1
8.48817000E+2	-7.86813102E+1
8.48821500E+2	-7.84957846E+1
8.48826000E+2	-7.74454680E+1
8.48830500E+2	-7.89432758E+1
8.48835000E+2	-7.78232978E+1
8.48839500E+2	-7.83356073E+1
8.48844000E+2	-7.84566050E+1
8.48848500E+2	-7.80098760E+1
8.48853000E+2	-7.77409981E+1
8.48857500E+2	-7.77686656E+1
8.48862000E+2	-7.87390485E+1
8.48866500E+2	-7.84725304E+1
8.48871000E+2	-7.87789436E+1
8.48875500E+2	-7.81286775E+1
8.48880000E+2	-7.82565497E+1
8.48884500E+2	-7.83342339E+1
8.48889000E+2	-7.75872414E+1
8.48893500E+2	-7.76774081E+1
8.48898000E+2	-7.74103282E+1
8.48902500E+2	-7.72607357E+1
8.48907000E+2	-7.77710969E+1
8.48911500E+2	-7.68445434E+1
8.48916000E+2	-7.65041480E+1
8.48920500E+2	-7.54362804E+1
8.48925000E+2	-7.53785938E+1
8.48929500E+2	-7.49401845E+1
8.48934000E+2	-7.45373780E+1
8.48938500E+2	-7.38415470E+1
8.48943000E+2	-7.28668205E+1
8.48947500E+2	-7.12428502E+1
8.48952000E+2	-6.46377908E+1
8.48956500E+2	-6.15167347E+1
8.48961000E+2	-5.51498610E+1
8.48965500E+2	-5.24919128E+1
8.48970000E+2	-5.03444432E+1
8.48974500E+2	-4.88606379E+1
8.48979000E+2	-4.78780447E+1
8.48983500E+2	-4.70394991E+1
8.48988000E+2	-4.61258507E+1
8.48992500E+2	-4.58959835E+1
8.48997000E+2	-4.52524644E+1
8.49001500E+2	-4.48665175E+1
8.49006000E+2	-4.45729953E+1
8.49010500E+2	-4.43736295E+1
8.49015000E+2	-4.42106598E+1
8.49019500E+2	-4.40829672E+1
8.49024000E+2	-4.39483843E+1
8.49028500E+2	-4.35530646E+1
8.49033000E+2	-4.33619037E+1
8.49037500E+2	-4.28149024E+1
8.49042000E+2	-4.24856964E+1
8.49046500E+2	-4.22459299E+1
8.49051000E+2	-4.20679174E+1
8.49055500E+2	-4.20265836E+1
8.49060000E+2	-4.21149484E+1
8.49064500E+2	-4.24638160E+1
8.49069000E+2	-4.28215474E+1
8.49073500E+2	-4.32750428E+1
8.49078000E+2	-4.38439367E+1
8.49082500E+2	-4.46753240E+1
8.49087000E+2	-4.57144946E+1
8.49091500E+2	-4.77020982E+1
8.49096000E+2	-4.85680611E+1
8.49100500E+2	-5.07810345E+1
8.49105000E+2	-5.51637013E+1
8.49109500E+2	-5.83094451E+1
8.49114000E+2	-6.19809174E+1
8.49118500E+2	-6.48657302E+1
8.49123000E+2	-6.66073881E+1
8.49127500E+2	-6.78717090E+1
8.49132000E+2	-6.81556216E+1
8.49136500E+2	-6.89053689E+1
8.49141000E+2	-7.02470180E+1
8.49145500E+2	-7.06818447E+1
8.49150000E+2	-7.16721981E+1
8.49154500E+2	-7.20506605E+1
8.49159000E+2	-7.35446675E+1
8.49163500E+2	-7.42123459E+1
8.49168000E+2	-7.51563044E+1
8.49172500E+2	-7.54741888E+1
8.49177000E+2	-7.53614073E+1
8.49181500E+2	-7.57103707E+1
8.49186000E+2	-7.62136000E+1
8.49190500E+2	-7.73532568E+1
8.49195000E+2	-7.79318562E+1
8.49199500E+2	-7.71441769E+1
8.49204000E+2	-7.78211330E+1
8.49208500E+2	-7.83146692E+1
8.49213000E+2	-7.87344141E+1
8.49217500E+2	-7.84496849E+1
8.49222000E+2	-7.77888381E+1
8.49226500E+2	-7.87229550E+1
8.49231000E+2	-7.87482588E+1
8.49235500E+2	-7.85723881E+1
8.49240000E+2	-7.82783760E+1
8.49244500E+2	-7.70792238E+1
8.49249000E+2	-7.79638981E+1
8.49253500E+2	-7.74896961E+1
8.49258000E+2	-7.80160722E+1
8.49262500E+2	-7.84661921E+1
8.49267000E+2	-7.82112912E+1
8.49271500E+2	-7.79107014E+1
8.49276000E+2	-7.65481974E+1
8.49280500E+2	-7.80840892E+1
8.49285000E+2	-7.78194571E+1
8.49289500E+2	-7.84389958E+1
8.49294000E+2	-7.83036358E+1
8.49298500E+2	-7.76835455E+1
8.49303000E+2	-7.82269011E+1
8.49307500E+2	-7.83570187E+1
8.49312000E+2	-7.87585633E+1
8.49316500E+2	-7.89309199E+1
8.49321000E+2	-7.88101586E+1
8.49325500E+2	-7.86076589E+1
8.49330000E+2	-7.83470354E+1
8.49334500E+2	-7.85071411E+1
8.49339000E+2	-7.84232225E+1
8.49343500E+2	-7.81131226E+1
8.49348000E+2	-7.82508160E+1
8.49352500E+2	-7.82272275E+1
8.49357000E+2	-7.86422943E+1
8.49361500E+2	-7.75245646E+1
8.49366000E+2	-7.74429784E+1
8.49370500E+2	-7.72956525E+1
8.49375000E+2	-7.83150542E+1
8.49379500E+2	-7.83355932E+1
8.49384000E+2	-7.82410706E+1
8.49388500E+2	-7.77886454E+1
8.49393000E+2	-7.84062125E+1
8.49397500E+2	-7.76172091E+1
8.49402000E+2	-7.77771060E+1
8.49406500E+2	-7.78267351E+1
8.49411000E+2	-7.81584052E+1
8.49415500E+2	-7.89010726E+1
8.49420000E+2	-7.93654836E+1
8.49424500E+2	-7.83271368E+1
8.49429000E+2	-7.80568105E+1
8.49433500E+2	-7.82081582E+1
8.49438000E+2	-7.86415181E+1
8.49442500E+2	-7.81739615E+1
8.49447000E+2	-7.83635748E+1
8.49451500E+2	-7.88605911E+1
8.49456000E+2	-7.80210256E+1
8.49460500E+2	-7.76998797E+1
8.49465000E+2	-7.87223169E+1
8.49469500E+2	-7.88059502E+1
8.49474000E+2	-7.87292151E+1
8.49478500E+2	-7.87863500E+1
8.49483000E+2	-7.82045608E+1
8.49487500E+2	-7.75346475E+1
8.49492000E+2	-7.81527988E+1
8.49496500E+2	-7.79467889E+1
8.49501000E+2	-7.84021405E+1
8.49505500E+2	-7.77931164E+1
8.49510000E+2	-7.81586048E+1
8.49514500E+2	-7.81797105E+1
8.49519000E+2	-7.81162770E+1
8.49523500E+2	-7.81920193E+1
8.49528000E+2	-7.83596346E+1
8.49532500E+2	-7.85450858E+1
8.49537000E+2	-7.83887992E+1
8.49541500E+2	-7.82045364E+1
8.49546000E+2	-7.79609037E+1
8.49550500E+2	-7.87229826E+1
8.49555000E+2	-7.85088658E+1
8.49559500E+2	-7.78804349E+1
8.49564000E+2	-7.80551488E+1
8.49568500E+2	-7.81780662E+1
8.49573000E+2	-7.83898907E+1
8.49577500E+2	-7.69403795E+1
8.49582000E+2	-7.79171959E+1
8.49586500E+2	-7.79272149E+1
8.49591000E+2	-7.85493317E+1
8.49595500E+2	-7.91658184E+1
8.49600000E+2	-7.75292480E+1
8.49604500E+2	-7.80252755E+1
8.49609000E+2	-7.90622577E+1
8.49613500E+2	-7.81905161E+1
8.49618000E+2	-7.85398630E+1
8.49622500E+2	-7.83826646E+1
8.49627000E+2	-7.84649432E+1
8.49631500E+2	-7.83844212E+1
8.49636000E+2	-7.84875559E+1
8.49640500E+2	-7.76766103E+1
8.49645000E+2	-7.89811842E+1
8.49649500E+2	-7.86587214E+1
8.49654000E+2	-7.79697435E+1
8.49658500E+2	-7.79687487E+1
8.49663000E+2	-7.71810601E+1
8.49667500E+2	-7.79229732E+1
8.49672000E+2	-7.78081563E+1
8.49676500E+2	-7.80209487E+1
8.49681000E+2	-7.74890575E+1
8.49685500E+2	-7.82711544E+1
8.49690000E+2	-7.88073533E+1
8.49694500E+2	-7.78169775E+1
8.49699000E+2	-7.82578774E+1
8.49703500E+2	-7.80956725E+1
8.49708000E+2	-7.87479735E+1
8.49712500E+2	-7.83547068E+1
8.49717000E+2	-7.73116112E+1
8.49721500E+2	-7.76748605E+1
8.49726000E+2	-7.78834110E+1
8.49730500E+2	-7.83865005E+1
8.49735000E+2	-7.91424498E+1
8.49739500E+2	-7.83282405E+1
8.49744000E+2	-7.81257583E+1
8.49748500E+2	-7.86131557E+1
8.49753000E+2	-7.86906305E+1
8.49757500E+2	-7.80024303E+1
8.49762000E+2	-7.78298641E+1
8.49766500E+2	-7.86302937E+1
8.49771000E+2	-7.71831297E+1
8.49775500E+2	-7.79366380E+1
8.49780000E+2	-7.82640819E+1
8.49784500E+2	-7.84718627E+1
8.49789000E+2	-7.83991131E+1
8.49793500E+2	-7.79539233E+1
8.49798000E+2	-7.83716414E+1
8.49802500E+2	-7.79562817E+1
8.49807000E+2	-7.85463179E+1
8.49811500E+2	-7.82760789E+1
8.49816000E+2	-7.79326438E+1
8.49820500E+2	-7.84093108E+1
8.49825000E+2	-7.81020481E+1
8.49829500E+2	-7.81134217E+1
8.49834000E+2	-7.91905073E+1
8.49838500E+2	-7.88255301E+1
8.49843000E+2	-7.91581452E+1
8.49847500E+2	-7.82929746E+1
8.49852000E+2	-7.86225438E+1
8.49856500E+2	-7.81236202E+1
8.49861000E+2	-7.76424547E+1
8.49865500E+2	-7.83661634E+1
8.49870000E+2	-7.86444354E+1
8.49874500E+2	-7.86482285E+1
8.49879000E+2	-7.76717398E+1
8.49883500E+2	-7.81417788E+1
8.49888000E+2	-7.83891006E+1
8.49892500E+2	-7.83566122E+1
8.49897000E+2	-7.89373900E+1
8.49901500E+2	-7.82321163E+1
8.49906000E+2	-7.78869944E+1
8.49910500E+2	-7.83197073E+1
8.49915000E+2	-7.82809135E+1
8.49919500E+2	-7.79415559E+1
8.49924000E+2	-7.71946091E+1
8.49928500E+2	-7.85927733E+1
8.49933000E+2	-7.82151061E+1
8.49937500E+2	-7.85212908E+1
8.49942000E+2	-7.80967946E+1
8.49946500E+2	-7.81252788E+1
8.49951000E+2	-7.81274740E+1
8.49955500E+2	-7.80860741E+1
8.49960000E+2	-7.81431874E+1
8.49964500E+2	-7.86878823E+1
8.49969000E+2	-7.82793440E+1
8.49973500E+2	-7.84510140E+1
8.49978000E+2	-7.82457952E+1
8.49982500E+2	-7.84887496E+1
8.49987000E+2	-7.87589696E+1
8.49991500E+2	-7.86231921E+1
8.49996000E+2	-7.85042338E+1
8.50000500E+2	-7.82431695E+1
8.50005000E+2	-7.82294355E+1
8.50009500E+2	-7.79116567E+1
8.50014000E+2	-7.80486215E+1
8.50018500E+2	-7.79783749E+1
8.50023000E+2	-7.77909699E+1
8.50027500E+2	-7.81666411E+1
8.50032000E+2	-7.84668758E+1
8.50036500E+2	-7.78995053E+1
8.50041000E+2	-7.78020005E+1
8.50045500E+2	-7.83269459E+1
8.50050000E+2	-7.89485328E+1
8.50054500E+2	-7.84018314E+1
8.50059000E+2	-7.79421266E+1
8.50063500E+2	-7.84055705E+1
8.50068000E+2	-7.83978364E+1
8.50072500E+2	-7.72623305E+1
8.50077000E+2	-7.72989092E+1
8.50081500E+2	-7.84078771E+1
8.50086000E+2	-7.79775385E+1
8.50090500E+2	-7.83090824E+1
8.50095000E+2	-7.88443054E+1
8.50099500E+2	-7.87017317E+1
8.50104000E+2	-7.87121838E+1
8.50108500E+2	-7.78755660E+1
8.50113000E+2	-7.73465502E+1
8.50117500E+2	-7.74652789E+1
8.50122000E+2	-7.84958481E+1
8.50126500E+2	-7.75637189E+1
8.50131000E+2	-7.76879494E+1
8.50135500E+2	-7.82261610E+1
8.50140000E+2	-7.87660958E+1
8.50144500E+2	-7.88642098E+1
8.50149000E+2	-7.84139149E+1
8.50153500E+2	-7.79842709E+1
8.50158000E+2	-7.76136404E+1
8.50162500E+2	-7.80012339E+1
8.50167000E+2	-7.83167383E+1
8.50171500E+2	-7.85193542E+1
8.50176000E+2	-7.84110300E+1
8.50180500E+2	-7.84969843E+1
8.50185000E+2	-7.86214655E+1
8.50189500E+2	-7.86181223E+1
8.50194000E+2	-7.89837078E+1
8.50198500E+2	-7.80805469E+1
8.50203000E+2	-7.71462929E+1
8.50207500E+2	-7.78306192E+1
8.50212000E+2	-7.81163152E+1
8.50216500E+2	-7.85465575E+1
8.50221000E+2	-7.89718507E+1
8.50225500E+2	-7.83527084E+1
8.50230000E+2	-7.79868426E+1
8.50234500E+2	-7.85099652E+1
8.50239000E+2	-7.82021008E+1
8.50243500E+2	-7.87208691E+1
8.50248000E+2	-7.87917774E+1
8.50252500E+2	-7.84759438E+1
8.50257000E+2	-7.89145603E+1
8.50261500E+2	-7.82905664E+1
8.50266000E+2	-7.87273221E+1
8.50270500E+2	-7.82638186E+1
8.50275000E+2	-7.87754961E+1
8.50279500E+2	-7.80482659E+1
8.50284000E+2	-7.82134933E+1
8.50288500E+2	-7.79235866E+1
8.50293000E+2	-7.83718448E+1
8.50297500E+2	-7.84123013E+1
8.50302000E+2	-7.84852669E+1
8.50306500E+2	-7.89237908E+1
8.50311000E+2	-7.85661909E+1
8.50315500E+2	-7.83028337E+1
8.50320000E+2	-7.79976313E+1
8.50324500E+2	-7.85228170E+1
8.50329000E+2	-7.78694690E+1
8.50333500E+2	-7.81310643E+1
8.50338000E+2	-7.78078432E+1
8.50342500E+2	-7.83101611E+1
8.50347000E+2	-7.83290902E+1
8.50351500E+2	-7.88214260E+1
8.50356000E+2	-7.88949508E+1
8.50360500E+2	-7.77863991E+1
8.50365000E+2	-7.84206041E+1
8.50369500E+2	-7.77371050E+1
8.50374000E+2	-7.78319996E+1
8.50378500E+2	-7.76185182E+1
8.50383000E+2	-7.84212416E+1
8.50387500E+2	-7.82315091E+1
8.50392000E+2	-7.81107946E+1
8.50396500E+2	-7.80878454E+1
8.50401000E+2	-7.81729191E+1
8.50405500E+2	-7.77655355E+1
8.50410000E+2	-7.79211411E+1
8.50414500E+2	-7.79115909E+1
8.50419000E+2	-7.76682177E+1
8.50423500E+2	-7.81506041E+1
8.50428000E+2	-7.87897966E+1
8.50432500E+2	-7.84989574E+1
8.50437000E+2	-7.86422056E+1
8.50441500E+2	-7.80140086E+1
8.50446000E+2	-7.80962628E+1
8.50450500E+2	-7.82073410E+1
8.50455000E+2	-7.77592257E+1
8.50459500E+2	-7.76266569E+1
8.50464000E+2	-7.74884810E+1
8.50468500E+2	-7.85603612E+1
8.50473000E+2	-7.87560854E+1
8.50477500E+2	-7.88488759E+1
8.50482000E+2	-7.83176639E+1
8.50486500E+2	-7.80128626E+1
8.50491000E+2	-7.84471531E+1
8.50495500E+2	-7.83615429E+1
8.50500000E+2	-7.83634270E+1
