8.46000000E+2	-8.68521572E+1
8.46004500E+2	-8.69633339E+1
8.46009000E+2	-8.69763035E+1
8.46013500E+2	-8.69539774E+1
8.46018000E+2	-8.75532677E+1
8.46022500E+2	-8.64234778E+1
8.46027000E+2	-8.67263453E+1
8.46031500E+2	-8.72981167E+1
8.46036000E+2	-8.70722290E+1
8.46040500E+2	-8.78760432E+1
8.46045000E+2	-8.75197350E+1
8.46049500E+2	-8.72077867E+1
8.46054000E+2	-8.71235544E+1
8.46058500E+2	-8.68016989E+1
8.46063000E+2	-8.76720375E+1
8.46067500E+2	-8.73719464E+1
8.46072000E+2	-8.75481336E+1
8.46076500E+2	-8.68808100E+1
8.46081000E+2	-8.75211229E+1
8.46085500E+2	-8.75844620E+1
8.46090000E+2	-8.74507384E+1
8.46094500E+2	-8.76445267E+1
8.46099000E+2	-8.76015442E+1
8.46103500E+2	-8.73589860E+1
8.46108000E+2	-8.69500126E+1
8.46112500E+2	-8.74559020E+1
8.46117000E+2	-8.67313827E+1
8.46121500E+2	-8.74868858E+1
8.46126000E+2	-8.76136982E+1
8.46130500E+2	-8.68996512E+1
8.46135000E+2	-8.69699613E+1
8.46139500E+2	-8.75857327E+1
8.46144000E+2	-8.70568307E+1
8.46148500E+2	-8.68010491E+1
8.46153000E+2	-8.72345144E+1
8.46157500E+2	-8.68025359E+1
8.46162000E+2	-8.76844429E+1
8.46166500E+2	-8.74284212E+1
8.46171000E+2	-8.71387918E+1
8.46175500E+2	-8.68466178E+1
8.46180000E+2	-8.79084597E+1
8.46184500E+2	-8.71538198E+1
8.46189000E+2	-8.72340961E+1
8.46193500E+2	-8.71748373E+1
8.46198000E+2	-8.72026101E+1
8.46202500E+2	-8.68479374E+1
8.46207000E+2	-8.66432325E+1
8.46211500E+2	-8.72192414E+1
8.46216000E+2	-8.72889807E+1
8.46220500E+2	-8.77325155E+1
8.46225000E+2	-8.74974145E+1
8.46229500E+2	-8.78818066E+1
8.46234000E+2	-8.72933606E+1
8.46238500E+2	-8.68627914E+1
8.46243000E+2	-8.72400386E+1
8.46247500E+2	-8.76557164E+1
8.46252000E+2	-8.80296712E+1
8.46256500E+2	-8.70762461E+1
8.46261000E+2	-8.70996806E+1
8.46265500E+2	-8.75577662E+1
8.46270000E+2	-8.72415395E+1
8.46274500E+2	-8.80593206E+1
8.46279000E+2	-8.72142858E+1
8.46283500E+2	-8.73558212E+1
8.46288000E+2	-8.70333755E+1
8.46292500E+2	-8.64808829E+1
8.46297000E+2	-8.72116621E+1
8.46301500E+2	-8.79156423E+1
8.46306000E+2	-8.78329646E+1
8.46310500E+2	-8.79862961E+1
8.46315000E+2	-8.67138328E+1
8.46319500E+2	-8.74553695E+1
8.46324000E+2	-8.76160065E+1
8.46328500E+2	-8.67741019E+1
8.46333000E+2	-8.69665607E+1
8.46337500E+2	-8.73162482E+1
8.46342000E+2	-8.71138228E+1
8.46346500E+2	-8.72573209E+1
8.46351000E+2	-8.76685183E+1
8.46355500E+2	-8.78174024E+1
8.46360000E+2	-8.70539776E+1
8.46364500E+2	-8.79920519E+1
8.46369000E+2	-8.70986376E+1
8.46373500E+2	-8.77547921E+1
8.46378000E+2	-8.72541129E+1
8.46382500E+2	-8.65373319E+1
8.46387000E+2	-8.63080591E+1
8.46391500E+2	-8.75016077E+1
8.46396000E+2	-8.75003798E+1
8.46400500E+2	-8.78124335E+1
8.46405000E+2	-8.70711063E+1
8.46409500E+2	-8.69017748E+1
8.46414000E+2	-8.77224070E+1
8.46418500E+2	-8.71951840E+1
8.46423000E+2	-8.71191874E+1
8.46427500E+2	-8.78648233E+1
8.46432000E+2	-8.78388620E+1
8.46436500E+2	-8.70225412E+1
8.46441000E+2	-8.66482634E+1
8.46445500E+2	-8.65414666E+1
8.46450000E+2	-8.71003377E+1
8.46454500E+2	-8.67357785E+1
8.46459000E+2	-8.64037593E+1
8.46463500E+2	-8.65853469E+1
8.46468000E+2	-8.60660776E+1
8.46472500E+2	-8.68161696E+1
8.46477000E+2	-8.66357640E+1
8.46481500E+2	-8.69782827E+1
8.46486000E+2	-8.66000975E+1
8.46490500E+2	-8.54599428E+1
8.46495000E+2	-8.66107693E+1
8.46499500E+2	-8.69593986E+1
8.46504000E+2	-8.66390250E+1
8.46508500E+2	-8.53783454E+1
8.46513000E+2	-8.61576806E+1
8.46517500E+2	-8.63836456E+1
8.46522000E+2	-8.55952879E+1
8.46526500E+2	-8.57983959E+1
8.46531000E+2	-8.58323454E+1
8.46535500E+2	-8.59203358E+1
8.46540000E+2	-8.50983611E+1
8.46544500E+2	-8.49774119E+1
8.46549000E+2	-8.51249041E+1
8.46553500E+2	-8.52027950E+1
8.46558000E+2	-8.42533585E+1
8.46562500E+2	-8.30961643E+1
8.46567000E+2	-8.31640439E+1
8.46571500E+2	-8.37211656E+1
8.46576000E+2	-8.34124157E+1
8.46580500E+2	-8.37028543E+1
8.46585000E+2	-8.30518799E+1
8.46589500E+2	-8.31006946E+1
8.46594000E+2	-8.35894981E+1
8.46598500E+2	-8.32274705E+1
8.46603000E+2	-8.32946788E+1
8.46607500E+2	-8.29250490E+1
8.46612000E+2	-8.31397725E+1
8.46616500E+2	-8.26090184E+1
8.46621000E+2	-8.30327910E+1
8.46625500E+2	-8.34170570E+1
8.46630000E+2	-8.29737537E+1
8.46634500E+2	-8.30792557E+1
8.46639000E+2	-8.31404301E+1
8.46643500E+2	-8.36002975E+1
8.46648000E+2	-8.41671102E+1
8.46652500E+2	-8.35805106E+1
8.46657000E+2	-8.38195098E+1
8.46661500E+2	-8.45000579E+1
8.46666000E+2	-8.46379354E+1
8.46670500E+2	-8.46712711E+1
8.46675000E+2	-8.46546958E+1
8.46679500E+2	-8.54512884E+1
8.46684000E+2	-8.42512814E+1
8.46688500E+2	-8.45684189E+1
8.46693000E+2	-8.51468987E+1
8.46697500E+2	-8.50896543E+1
8.46702000E+2	-8.60958073E+1
8.46706500E+2	-8.65892826E+1
8.46711000E+2	-8.61329801E+1
8.46715500E+2	-8.60576112E+1
8.46720000E+2	-8.55106375E+1
8.46724500E+2	-8.65256525E+1
8.46729000E+2	-8.70047464E+1
8.46733500E+2	-8.73003488E+1
8.46738000E+2	-8.70453605E+1
8.46742500E+2	-8.61397252E+1
8.46747000E+2	-8.62566274E+1
8.46751500E+2	-8.74231670E+1
8.46756000E+2	-8.72107925E+1
8.46760500E+2	-8.69515129E+1
8.46765000E+2	-8.68765631E+1
8.46769500E+2	-8.66517054E+1
8.46774000E+2	-8.66514965E+1
8.46778500E+2	-8.64449982E+1
8.46783000E+2	-8.65483434E+1
8.46787500E+2	-8.71326267E+1
8.46792000E+2	-8.69597124E+1
8.46796500E+2	-8.69661774E+1
8.46801000E+2	-8.67768227E+1
8.46805500E+2	-8.69191657E+1
8.46810000E+2	-8.72378026E+1
8.46814500E+2	-8.71612003E+1
8.46819000E+2	-8.75067495E+1
8.46823500E+2	-8.71250254E+1
8.46828000E+2	-8.63484654E+1
8.46832500E+2	-8.66539685E+1
8.46837000E+2	-8.64055589E+1
8.46841500E+2	-8.68515949E+1
8.46846000E+2	-8.76855868E+1
8.46850500E+2	-8.77456832E+1
8.46855000E+2	-8.75287763E+1
8.46859500E+2	-8.73135836E+1
8.46864000E+2	-8.70143816E+1
8.46868500E+2	-8.72964974E+1
8.46873000E+2	-8.72089319E+1
8.46877500E+2	-8.73928997E+1
8.46882000E+2	-8.76539007E+1
8.46886500E+2	-8.68186840E+1
8.46891000E+2	-8.72369755E+1
8.46895500E+2	-8.68145885E+1
8.46900000E+2	-8.69395009E+1
8.46904500E+2	-8.60909681E+1
8.46909000E+2	-8.72287803E+1
8.46913500E+2	-8.79743498E+1
8.46918000E+2	-8.79394035E+1
8.46922500E+2	-8.76208840E+1
8.46927000E+2	-8.77390800E+1
8.46931500E+2	-8.74339891E+1
8.46936000E+2	-8.67133194E+1
8.46940500E+2	-8.73228790E+1
8.46945000E+2	-8.78381116E+1
8.46949500E+2	-8.77715010E+1
8.46954000E+2	-8.71640985E+1
8.46958500E+2	-8.68879080E+1
8.46963000E+2	-8.79364252E+1
8.46967500E+2	-8.75508071E+1
8.46972000E+2	-8.77211395E+1
8.46976500E+2	-8.81228315E+1
8.46981000E+2	-8.70406232E+1
8.46985500E+2	-8.77350553E+1
8.46990000E+2	-8.77115655E+1
8.46994500E+2	-8.75777015E+1
8.46999000E+2	-8.71622332E+1
8.47003500E+2	-8.70681301E+1
8.47008000E+2	-8.76707317E+1
8.47012500E+2	-8.76115552E+1
8.47017000E+2	-8.76568904E+1
8.47021500E+2	-8.70680529E+1
8.47026000E+2	-8.73221688E+1
8.47030500E+2	-8.66010232E+1
8.47035000E+2	-8.74184821E+1
8.47039500E+2	-8.73811259E+1
8.47044000E+2	-8.77863491E+1
8.47048500E+2	-8.78269249E+1
8.47053000E+2	-8.82227163E+1
8.47057500E+2	-8.78053522E+1
8.47062000E+2	-8.76485017E+1
8.47066500E+2	-8.66075921E+1
8.47071000E+2	-8.65443510E+1
8.47075500E+2	-8.70788372E+1
8.47080000E+2	-8.75484260E+1
8.47084500E+2	-8.69246412E+1
8.47089000E+2	-8.69852677E+1
8.47093500E+2	-8.67553306E+1
8.47098000E+2	-8.68384523E+1
8.47102500E+2	-8.68974428E+1
8.47107000E+2	-8.75551170E+1
8.47111500E+2	-8.80754984E+1
8.47116000E+2	-8.78418175E+1
8.47120500E+2	-8.75218483E+1
8.47125000E+2	-8.76651204E+1
8.47129500E+2	-8.75498206E+1
8.47134000E+2	-8.75902127E+1
8.47138500E+2	-8.73123145E+1
8.47143000E+2	-8.72142036E+1
8.47147500E+2	-8.72800039E+1
8.47152000E+2	-8.81859577E+1
8.47156500E+2	-8.75452631E+1
8.47161000E+2	-8.79570867E+1
8.47165500E+2	-8.70926484E+1
8.47170000E+2	-8.76228693E+1
8.47174500E+2	-8.75414404E+1
8.47179000E+2	-8.79378597E+1
8.47183500E+2	-8.74117381E+1
8.47188000E+2	-8.76042116E+1
8.47192500E+2	-8.79490279E+1
8.47197000E+2	-8.76586183E+1
8.47201500E+2	-8.75079297E+1
8.47206000E+2	-8.76889147E+1
8.47210500E+2	-8.70742680E+1
8.47215000E+2	-8.79798768E+1
8.47219500E+2	-8.74916264E+1
8.47224000E+2	-8.70620907E+1
8.47228500E+2	-8.79723211E+1
8.47233000E+2	-8.75798597E+1
8.47237500E+2	-8.76277988E+1
8.47242000E+2	-8.67261574E+1
8.47246500E+2	-8.72629797E+1
8.47251000E+2	-8.74543851E+1
8.47255500E+2	-8.71101506E+1
8.47260000E+2	-8.66828296E+1
8.47264500E+2	-8.74673503E+1
8.47269000E+2	-8.80027451E+1
8.47273500E+2	-8.69554685E+1
8.47278000E+2	-8.76838275E+1
8.47282500E+2	-8.79035992E+1
8.47287000E+2	-8.77551485E+1
8.47291500E+2	-8.68899762E+1
8.47296000E+2	-8.68094244E+1
8.47300500E+2	-8.71611093E+1
8.47305000E+2	-8.64667618E+1
8.47309500E+2	-8.68916655E+1
8.47314000E+2	-8.67072703E+1
8.47318500E+2	-8.70056322E+1
8.47323000E+2	-8.71120371E+1
8.47327500E+2	-8.70052871E+1
8.47332000E+2	-8.70519906E+1
8.47336500E+2	-8.69841076E+1
8.47341000E+2	-8.67695135E+1
8.47345500E+2	-8.74922187E+1
8.47350000E+2	-8.73479912E+1
8.47354500E+2	-8.69316337E+1
8.47359000E+2	-8.63056677E+1
8.47363500E+2	-8.69978435E+1
8.47368000E+2	-8.75129605E+1
8.47372500E+2	-8.76269028E+1
8.47377000E+2	-8.69678219E+1
8.47381500E+2	-8.62546612E+1
8.47386000E+2	-8.66324113E+1
8.47390500E+2	-8.65087972E+1
8.47395000E+2	-8.67121014E+1
8.47399500E+2	-8.61215850E+1
8.47404000E+2	-8.63012697E+1
8.47408500E+2	-8.58414273E+1
8.47413000E+2	-8.58309293E+1
8.47417500E+2	-8.63522619E+1
8.47422000E+2	-8.58900270E+1
8.47426500E+2	-8.49367357E+1
8.47431000E+2	-8.44628363E+1
8.47435500E+2	-8.47811791E+1
8.47440000E+2	-8.43243722E+1
8.47444500E+2	-8.44747277E+1
8.47449000E+2	-8.35934192E+1
8.47453500E+2	-8.31447922E+1
8.47458000E+2	-8.30143405E+1
8.47462500E+2	-8.24576246E+1
8.47467000E+2	-8.22934505E+1
8.47471500E+2	-8.17304542E+1
8.47476000E+2	-8.15368583E+1
8.47480500E+2	-8.13940056E+1
8.47485000E+2	-8.14320035E+1
8.47489500E+2	-8.10782486E+1
8.47494000E+2	-8.10460810E+1
8.47498500E+2	-8.04270450E+1
8.47503000E+2	-8.03528464E+1
8.47507500E+2	-7.99956870E+1
8.47512000E+2	-8.00021605E+1
8.47516500E+2	-8.01391792E+1
8.47521000E+2	-8.02554046E+1
8.47525500E+2	-8.01023120E+1
8.47530000E+2	-8.04647919E+1
8.47534500E+2	-8.03924247E+1
8.47539000E+2	-8.05369456E+1
8.47543500E+2	-8.06216765E+1
8.47548000E+2	-8.11141416E+1
8.47552500E+2	-8.12162702E+1
8.47557000E+2	-8.11584960E+1
8.47561500E+2	-8.14119827E+1
8.47566000E+2	-8.21029291E+1
8.47570500E+2	-8.21026329E+1
8.47575000E+2	-8.25320568E+1
8.47579500E+2	-8.26749744E+1
8.47584000E+2	-8.29094159E+1
8.47588500E+2	-8.31586293E+1
8.47593000E+2	-8.30535721E+1
8.47597500E+2	-8.33831443E+1
8.47602000E+2	-8.35730639E+1
8.47606500E+2	-8.35380392E+1
8.47611000E+2	-8.42070355E+1
8.47615500E+2	-8.48277536E+1
8.47620000E+2	-8.47681877E+1
8.47624500E+2	-8.54121549E+1
8.47629000E+2	-8.59638517E+1
8.47633500E+2	-8.51190437E+1
8.47638000E+2	-8.60916681E+1
8.47642500E+2	-8.53613497E+1
8.47647000E+2	-8.55855885E+1
8.47651500E+2	-8.65525041E+1
8.47656000E+2	-8.57553244E+1
8.47660500E+2	-8.53316136E+1
8.47665000E+2	-8.67759833E+1
8.47669500E+2	-8.65963979E+1
8.47674000E+2	-8.63981539E+1
8.47678500E+2	-8.62697775E+1
8.47683000E+2	-8.65462513E+1
8.47687500E+2	-8.64036015E+1
8.47692000E+2	-8.67040550E+1
8.47696500E+2	-8.62463455E+1
8.47701000E+2	-8.67041803E+1
8.47705500E+2	-8.61262250E+1
8.47710000E+2	-8.57517620E+1
8.47714500E+2	-8.68884061E+1
8.47719000E+2	-8.64823091E+1
8.47723500E+2	-8.69532612E+1
8.47728000E+2	-8.67471590E+1
8.47732500E+2	-8.66225038E+1
8.47737000E+2	-8.65708655E+1
8.47741500E+2	-8.67828178E+1
8.47746000E+2	-8.63106987E+1
8.47750500E+2	-8.65424786E+1
8.47755000E+2	-8.64978929E+1
8.47759500E+2	-8.66240448E+1
8.47764000E+2	-8.68441255E+1
8.47768500E+2	-8.57199027E+1
8.47773000E+2	-8.57615695E+1
8.47777500E+2	-8.59685582E+1
8.47782000E+2	-8.59465373E+1
8.47786500E+2	-8.54155467E+1
8.47791000E+2	-8.55571988E+1
8.47795500E+2	-8.61460102E+1
8.47800000E+2	-8.57818810E+1
8.47804500E+2	-8.54878513E+1
8.47809000E+2	-8.53222234E+1
8.47813500E+2	-8.53284730E+1
8.47818000E+2	-8.48665064E+1
8.47822500E+2	-8.52358459E+1
8.47827000E+2	-8.42158658E+1
8.47831500E+2	-8.38850590E+1
8.47836000E+2	-8.29380583E+1
8.47840500E+2	-8.26075145E+1
8.47845000E+2	-8.21423076E+1
8.47849500E+2	-8.17479082E+1
8.47854000E+2	-8.14262278E+1
8.47858500E+2	-8.16512642E+1
8.47863000E+2	-8.11773912E+1
8.47867500E+2	-8.08094846E+1
8.47872000E+2	-8.07330743E+1
8.47876500E+2	-8.03737407E+1
8.47881000E+2	-8.04726148E+1
8.47885500E+2	-8.00851825E+1
8.47890000E+2	-7.98551193E+1
8.47894500E+2	-7.99179394E+1
8.47899000E+2	-7.98886605E+1
8.47903500E+2	-7.99054786E+1
8.47908000E+2	-7.96800079E+1
8.47912500E+2	-7.98953506E+1
8.47917000E+2	-7.99468830E+1
8.47921500E+2	-8.03574911E+1
8.47926000E+2	-8.06988831E+1
8.47930500E+2	-8.09344117E+1
8.47935000E+2	-8.20473107E+1
8.47939500E+2	-8.22637668E+1
8.47944000E+2	-8.22715455E+1
8.47948500E+2	-8.30485152E+1
8.47953000E+2	-8.34295686E+1
8.47957500E+2	-8.39752758E+1
8.47962000E+2	-8.42221990E+1
8.47966500E+2	-8.43867206E+1
8.47971000E+2	-8.48886982E+1
8.47975500E+2	-8.43330510E+1
8.47980000E+2	-8.48948568E+1
8.47984500E+2	-8.57874663E+1
8.47989000E+2	-8.61666441E+1
8.47993500E+2	-8.60052277E+1
8.47998000E+2	-8.56707595E+1
8.48002500E+2	-8.61777709E+1
8.48007000E+2	-8.59086936E+1
8.48011500E+2	-8.59077317E+1
8.48016000E+2	-8.65614392E+1
8.48020500E+2	-8.70825559E+1
8.48025000E+2	-8.68362502E+1
8.48029500E+2	-8.71255739E+1
8.48034000E+2	-8.66585091E+1
8.48038500E+2	-8.68484026E+1
8.48043000E+2	-8.71933294E+1
8.48047500E+2	-8.70429021E+1
8.48052000E+2	-8.73754647E+1
8.48056500E+2	-8.66370334E+1
8.48061000E+2	-8.65554972E+1
8.48065500E+2	-8.71915482E+1
8.48070000E+2	-8.73834450E+1
8.48074500E+2	-8.74952777E+1
8.48079000E+2	-8.69447578E+1
8.48083500E+2	-8.65296828E+1
8.48088000E+2	-8.72792799E+1
8.48092500E+2	-8.73701134E+1
8.48097000E+2	-8.70279865E+1
8.48101500E+2	-8.63431737E+1
8.48106000E+2	-8.63601979E+1
8.48110500E+2	-8.78171770E+1
8.48115000E+2	-8.78479910E+1
8.48119500E+2	-8.76380292E+1
8.48124000E+2	-8.68386142E+1
8.48128500E+2	-8.74944584E+1
8.48133000E+2	-8.77350801E+1
8.48137500E+2	-8.74201542E+1
8.48142000E+2	-8.79069069E+1
8.48146500E+2	-8.70332626E+1
8.48151000E+2	-8.70372795E+1
8.48155500E+2	-8.72393468E+1
8.48160000E+2	-8.74892770E+1
8.48164500E+2	-8.78060876E+1
8.48169000E+2	-8.74214284E+1
8.48173500E+2	-8.75929929E+1
8.48178000E+2	-8.77230859E+1
8.48182500E+2	-8.67823342E+1
8.48187000E+2	-8.73980416E+1
8.48191500E+2	-8.73786126E+1
8.48196000E+2	-8.68669867E+1
8.48200500E+2	-8.71914254E+1
8.48205000E+2	-8.74115385E+1
8.48209500E+2	-8.74412246E+1
8.48214000E+2	-8.72964030E+1
8.48218500E+2	-8.78880411E+1
8.48223000E+2	-8.75022064E+1
8.48227500E+2	-8.70837985E+1
8.48232000E+2	-8.73153968E+1
8.48236500E+2	-8.76428793E+1
8.48241000E+2	-8.71529222E+1
8.48245500E+2	-8.70301663E+1
8.48250000E+2	-8.79858410E+1
8.48254500E+2	-8.74768024E+1
8.48259000E+2	-8.69529437E+1
8.48263500E+2	-8.70323429E+1
8.48268000E+2	-8.74588233E+1
8.48272500E+2	-8.73984398E+1
8.48277000E+2	-8.73615291E+1
8.48281500E+2	-8.76706392E+1
8.48286000E+2	-8.77545440E+1
8.48290500E+2	-8.74919478E+1
8.48295000E+2	-8.74689719E+1
8.48299500E+2	-8.75915995E+1
8.48304000E+2	-8.73865718E+1
8.48308500E+2	-8.70305155E+1
8.48313000E+2	-8.73278316E+1
8.48317500E+2	-8.70872286E+1
8.48322000E+2	-8.74832420E+1
8.48326500E+2	-8.73498700E+1
8.48331000E+2	-8.77522810E+1
8.48335500E+2	-8.68502332E+1
8.48340000E+2	-8.73307805E+1
8.48344500E+2	-8.70843189E+1
8.48349000E+2	-8.75771136E+1
8.48353500E+2	-8.78130757E+1
8.48358000E+2	-8.78554432E+1
8.48362500E+2	-8.75396201E+1
8.48367000E+2	-8.76374003E+1
8.48371500E+2	-8.76516539E+1
8.48376000E+2	-8.79385989E+1
8.48380500E+2	-8.77904509E+1
8.48385000E+2	-8.75859286E+1
8.48389500E+2	-8.79965184E+1
8.48394000E+2	-8.76434901E+1
8.48398500E+2	-8.77070522E+1
8.48403000E+2	-8.79109885E+1
8.48407500E+2	-8.72465644E+1
8.48412000E+2	-8.69976951E+1
8.48416500E+2	-8.75775750E+1
8.48421000E+2	-8.67179256E+1
8.48425500E+2	-8.68688477E+1
8.48430000E+2	-8.67877511E+1
8.48434500E+2	-8.69513156E+1
8.48439000E+2	-8.74321119E+1
8.48443500E+2	-8.73764755E+1
8.48448000E+2	-8.71970538E+1
8.48452500E+2	-8.73156155E+1
8.48457000E+2	-8.80446733E+1
8.48461500E+2	-8.75087440E+1
8.48466000E+2	-8.69515942E+1
8.48470500E+2	-8.72264065E+1
8.48475000E+2	-8.71434262E+1
8.48479500E+2	-8.76693679E+1
8.48484000E+2	-8.77710960E+1
8.48488500E+2	-8.67683243E+1
8.48493000E+2	-8.76071925E+1
8.48497500E+2	-8.80560172E+1
8.48502000E+2	-8.79801669E+1
8.48506500E+2	-8.72718077E+1
8.48511000E+2	-8.65164816E+1
8.48515500E+2	-8.71551879E+1
8.48520000E+2	-8.73386296E+1
8.48524500E+2	-8.73406889E+1
8.48529000E+2	-8.82874015E+1
8.48533500E+2	-8.69490042E+1
8.48538000E+2	-8.66272443E+1
8.48542500E+2	-8.71457271E+1
8.48547000E+2	-8.69304440E+1
8.48551500E+2	-8.70311602E+1
8.48556000E+2	-8.76034819E+1
8.48560500E+2	-8.69358035E+1
8.48565000E+2	-8.72892236E+1
8.48569500E+2	-8.81405300E+1
8.48574000E+2	-8.78651864E+1
8.48578500E+2	-8.79735618E+1
8.48583000E+2	-8.75133505E+1
8.48587500E+2	-8.74605592E+1
8.48592000E+2	-8.67539942E+1
8.48596500E+2	-8.68199297E+1
8.48601000E+2	-8.78474757E+1
8.48605500E+2	-8.75814721E+1
8.48610000E+2	-8.74846396E+1
8.48614500E+2	-8.70268412E+1
8.48619000E+2	-8.75719839E+1
8.48623500E+2	-8.69112236E+1
8.48628000E+2	-8.77368132E+1
8.48632500E+2	-8.71932670E+1
8.48637000E+2	-8.69105465E+1
8.48641500E+2	-8.72722838E+1
8.48646000E+2	-8.75590115E+1
8.48650500E+2	-8.69890776E+1
8.48655000E+2	-8.70984344E+1
8.48659500E+2	-8.70069782E+1
8.48664000E+2	-8.71579210E+1
8.48668500E+2	-8.75169972E+1
8.48673000E+2	-8.75099022E+1
8.48677500E+2	-8.74655292E+1
8.48682000E+2	-8.71050852E+1
8.48686500E+2	-8.71318562E+1
8.48691000E+2	-8.75175265E+1
8.48695500E+2	-8.76989117E+1
8.48700000E+2	-8.78782387E+1
8.48704500E+2	-8.75959363E+1
8.48709000E+2	-8.75556984E+1
8.48713500E+2	-8.72597849E+1
8.48718000E+2	-8.75237509E+1
8.48722500E+2	-8.75177497E+1
8.48727000E+2	-8.68210928E+1
8.48731500E+2	-8.73454816E+1
8.48736000E+2	-8.75838151E+1
8.48740500E+2	-8.76984822E+1
8.48745000E+2	-8.74531551E+1
8.48749500E+2	-8.64108198E+1
8.48754000E+2	-8.68941776E+1
8.48758500E+2	-8.69637892E+1
8.48763000E+2	-8.67685545E+1
8.48767500E+2	-8.67126011E+1
8.48772000E+2	-8.69523445E+1
8.48776500E+2	-8.70109789E+1
8.48781000E+2	-8.73674156E+1
8.48785500E+2	-8.67394189E+1
8.48790000E+2	-8.67223870E+1
8.48794500E+2	-8.71459551E+1
8.48799000E+2	-8.73466587E+1
8.48803500E+2	-8.66754986E+1
8.48808000E+2	-8.67968134E+1
8.48812500E+2	-8.66341027E+1
8.48817000E+2	-8.67615432E+1
8.48821500E+2	-8.64540289E+1
8.48826000E+2	-8.74909896E+1
8.48830500E+2	-8.69348683E+1
8.48835000E+2	-8.68121986E+1
8.48839500E+2	-8.67487170E+1
8.48844000E+2	-8.66566527E+1
8.48848500E+2	-8.56318786E+1
8.48853000E+2	-8.54744700E+1
8.48857500E+2	-8.66067852E+1
8.48862000E+2	-8.65686839E+1
8.48866500E+2	-8.51421678E+1
8.48871000E+2	-8.62086591E+1
8.48875500E+2	-8.50626640E+1
8.48880000E+2	-8.48137386E+1
8.48884500E+2	-8.53586416E+1
8.48889000E+2	-8.49468270E+1
8.48893500E+2	-8.39714366E+1
8.48898000E+2	-8.37562110E+1
8.48902500E+2	-8.24619343E+1
8.48907000E+2	-8.17232513E+1
8.48911500E+2	-8.09572783E+1
8.48916000E+2	-8.06635038E+1
8.48920500E+2	-7.96006837E+1
8.48925000E+2	-7.84223967E+1
8.48929500E+2	-7.80535347E+1
8.48934000E+2	-7.75674528E+1
8.48938500E+2	-7.70709303E+1
8.48943000E+2	-7.65364969E+1
8.48947500E+2	-7.58893385E+1
8.48952000E+2	-7.54848719E+1
8.48956500E+2	-7.53840666E+1
8.48961000E+2	-7.48602972E+1
8.48965500E+2	-7.46503050E+1
8.48970000E+2	-7.44253418E+1
8.48974500E+2	-7.43184262E+1
8.48979000E+2	-7.42384030E+1
8.48983500E+2	-7.42053171E+1
8.48988000E+2	-7.43048707E+1
8.48992500E+2	-7.43936309E+1
8.48997000E+2	-7.46243758E+1
8.49001500E+2	-7.49128656E+1
8.49006000E+2	-7.51970510E+1
8.49010500E+2	-7.54807832E+1
8.49015000E+2	-7.60983105E+1
8.49019500E+2	-7.65707070E+1
8.49024000E+2	-7.70205000E+1
8.49028500E+2	-7.81233765E+1
8.49033000E+2	-7.85708526E+1
8.49037500E+2	-7.96268280E+1
8.49042000E+2	-8.04431104E+1
8.49046500E+2	-8.12063871E+1
8.49051000E+2	-8.16285797E+1
8.49055500E+2	-8.22942461E+1
8.49060000E+2	-8.24134559E+1
8.49064500E+2	-8.35255467E+1
8.49069000E+2	-8.41355707E+1
8.49073500E+2	-8.49175071E+1
8.49078000E+2	-8.54148293E+1
8.49082500E+2	-8.56134873E+1
8.49087000E+2	-8.57536568E+1
8.49091500E+2	-8.60413263E+1
8.49096000E+2	-8.64662804E+1
8.49100500E+2	-8.67511668E+1
8.49105000E+2	-8.66811462E+1
8.49109500E+2	-8.63134353E+1
8.49114000E+2	-8.60617939E+1
8.49118500E+2	-8.70370869E+1
8.49123000E+2	-8.60785210E+1
8.49127500E+2	-8.68895051E+1
8.49132000E+2	-8.67327152E+1
8.49136500E+2	-8.71196515E+1
8.49141000E+2	-8.64397474E+1
8.49145500E+2	-8.70847463E+1
8.49150000E+2	-8.72773974E+1
8.49154500E+2	-8.66367135E+1
8.49159000E+2	-8.67317821E+1
8.49163500E+2	-8.71739584E+1
8.49168000E+2	-8.69409108E+1
8.49172500E+2	-8.67590533E+1
8.49177000E+2	-8.66263598E+1
8.49181500E+2	-8.75087484E+1
8.49186000E+2	-8.72137974E+1
8.49190500E+2	-8.70219008E+1
8.49195000E+2	-8.74146689E+1
8.49199500E+2	-8.70763943E+1
8.49204000E+2	-8.73128165E+1
8.49208500E+2	-8.71228424E+1
8.49213000E+2	-8.71802359E+1
8.49217500E+2	-8.71438352E+1
8.49222000E+2	-8.66401981E+1
8.49226500E+2	-8.73706837E+1
8.49231000E+2	-8.70604787E+1
8.49235500E+2	-8.74190679E+1
8.49240000E+2	-8.76115536E+1
8.49244500E+2	-8.76435535E+1
8.49249000E+2	-8.73011674E+1
8.49253500E+2	-8.72523335E+1
8.49258000E+2	-8.72267984E+1
8.49262500E+2	-8.71683326E+1
8.49267000E+2	-8.71668479E+1
8.49271500E+2	-8.70430467E+1
8.49276000E+2	-8.69720857E+1
8.49280500E+2	-8.73088767E+1
8.49285000E+2	-8.77432020E+1
8.49289500E+2	-8.82613418E+1
8.49294000E+2	-8.76826437E+1
8.49298500E+2	-8.75637405E+1
8.49303000E+2	-8.71653808E+1
8.49307500E+2	-8.70757854E+1
8.49312000E+2	-8.78883911E+1
8.49316500E+2	-8.75449451E+1
8.49321000E+2	-8.74408801E+1
8.49325500E+2	-8.76973484E+1
8.49330000E+2	-8.67322810E+1
8.49334500E+2	-8.68844609E+1
8.49339000E+2	-8.73698865E+1
8.49343500E+2	-8.80760127E+1
8.49348000E+2	-8.65126780E+1
8.49352500E+2	-8.69403609E+1
8.49357000E+2	-8.77394111E+1
8.49361500E+2	-8.76104274E+1
8.49366000E+2	-8.70832903E+1
8.49370500E+2	-8.71721430E+1
8.49375000E+2	-8.74911830E+1
8.49379500E+2	-8.74136603E+1
8.49384000E+2	-8.79001263E+1
8.49388500E+2	-8.78093983E+1
8.49393000E+2	-8.74732845E+1
8.49397500E+2	-8.71284457E+1
8.49402000E+2	-8.75517945E+1
8.49406500E+2	-8.70137435E+1
8.49411000E+2	-8.72040442E+1
8.49415500E+2	-8.73496862E+1
8.49420000E+2	-8.68746376E+1
8.49424500E+2	-8.78417196E+1
8.49429000E+2	-8.75659804E+1
8.49433500E+2	-8.72566982E+1
8.49438000E+2	-8.73262682E+1
8.49442500E+2	-8.78927767E+1
8.49447000E+2	-8.73905765E+1
8.49451500E+2	-8.67587889E+1
8.49456000E+2	-8.74400451E+1
8.49460500E+2	-8.79564654E+1
8.49465000E+2	-8.68777624E+1
8.49469500E+2	-8.71868862E+1
8.49474000E+2	-8.73449005E+1
8.49478500E+2	-8.76234485E+1
8.49483000E+2	-8.74571067E+1
8.49487500E+2	-8.72749402E+1
8.49492000E+2	-8.76355887E+1
8.49496500E+2	-8.78919282E+1
8.49501000E+2	-8.79526979E+1
8.49505500E+2	-8.71698120E+1
8.49510000E+2	-8.72068720E+1
8.49514500E+2	-8.78359006E+1
8.49519000E+2	-8.74525419E+1
8.49523500E+2	-8.79057501E+1
8.49528000E+2	-8.79127324E+1
8.49532500E+2	-8.73487457E+1
8.49537000E+2	-8.81413739E+1
8.49541500E+2	-8.79725238E+1
8.49546000E+2	-8.76294320E+1
8.49550500E+2	-8.84824271E+1
8.49555000E+2	-8.74383945E+1
8.49559500E+2	-8.74185288E+1
8.49564000E+2	-8.79269331E+1
8.49568500E+2	-8.83426600E+1
8.49573000E+2	-8.83820199E+1
8.49577500E+2	-8.72764959E+1
8.49582000E+2	-8.71604665E+1
8.49586500E+2	-8.70611236E+1
8.49591000E+2	-8.78690942E+1
8.49595500E+2	-8.75356531E+1
8.49600000E+2	-8.81372862E+1
8.49604500E+2	-8.70929589E+1
8.49609000E+2	-8.81722912E+1
8.49613500E+2	-8.74809230E+1
8.49618000E+2	-8.71991229E+1
8.49622500E+2	-8.70626938E+1
8.49627000E+2	-8.75563786E+1
8.49631500E+2	-8.78140089E+1
8.49636000E+2	-8.78996627E+1
8.49640500E+2	-8.78929606E+1
8.49645000E+2	-8.76342673E+1
8.49649500E+2	-8.76137320E+1
8.49654000E+2	-8.78698277E+1
8.49658500E+2	-8.76289295E+1
8.49663000E+2	-8.76508861E+1
8.49667500E+2	-8.73679709E+1
8.49672000E+2	-8.72426811E+1
8.49676500E+2	-8.81005563E+1
8.49681000E+2	-8.78766750E+1
8.49685500E+2	-8.80897724E+1
8.49690000E+2	-8.77662499E+1
8.49694500E+2	-8.80361373E+1
8.49699000E+2	-8.80261963E+1
8.49703500E+2	-8.82270724E+1
8.49708000E+2	-8.81120661E+1
8.49712500E+2	-8.79205336E+1
8.49717000E+2	-8.70052991E+1
8.49721500E+2	-8.80772133E+1
8.49726000E+2	-8.77527751E+1
8.49730500E+2	-8.70450548E+1
8.49735000E+2	-8.72978051E+1
8.49739500E+2	-8.77896950E+1
8.49744000E+2	-8.73276641E+1
8.49748500E+2	-8.76202151E+1
8.49753000E+2	-8.73879864E+1
8.49757500E+2	-8.71371003E+1
8.49762000E+2	-8.74442010E+1
8.49766500E+2	-8.78452080E+1
8.49771000E+2	-8.73905042E+1
8.49775500E+2	-8.75449581E+1
8.49780000E+2	-8.83006078E+1
8.49784500E+2	-8.78549710E+1
8.49789000E+2	-8.76157517E+1
8.49793500E+2	-8.73985898E+1
8.49798000E+2	-8.68253115E+1
8.49802500E+2	-8.68152264E+1
8.49807000E+2	-8.75162120E+1
8.49811500E+2	-8.73957798E+1
8.49816000E+2	-8.75739873E+1
8.49820500E+2	-8.76237595E+1
8.49825000E+2	-8.79421666E+1
8.49829500E+2	-8.74783752E+1
8.49834000E+2	-8.70009748E+1
8.49838500E+2	-8.68214970E+1
8.49843000E+2	-8.75806696E+1
8.49847500E+2	-8.74529493E+1
8.49852000E+2	-8.77008043E+1
8.49856500E+2	-8.71721946E+1
8.49861000E+2	-8.78925509E+1
8.49865500E+2	-8.68909448E+1
8.49870000E+2	-8.74127847E+1
8.49874500E+2	-8.80971272E+1
8.49879000E+2	-8.80977837E+1
8.49883500E+2	-8.84611673E+1
8.49888000E+2	-8.83051211E+1
8.49892500E+2	-8.80397202E+1
8.49897000E+2	-8.72508442E+1
8.49901500E+2	-8.83688373E+1
8.49906000E+2	-8.80748101E+1
8.49910500E+2	-8.79372281E+1
8.49915000E+2	-8.74116267E+1
8.49919500E+2	-8.72795502E+1
8.49924000E+2	-8.72519190E+1
8.49928500E+2	-8.78538570E+1
8.49933000E+2	-8.69383055E+1
8.49937500E+2	-8.70776134E+1
8.49942000E+2	-8.74136632E+1
8.49946500E+2	-8.80808573E+1
8.49951000E+2	-8.74858722E+1
8.49955500E+2	-8.71983610E+1
8.49960000E+2	-8.79013775E+1
8.49964500E+2	-8.70578609E+1
8.49969000E+2	-8.76606164E+1
8.49973500E+2	-8.70025782E+1
8.49978000E+2	-8.67683122E+1
8.49982500E+2	-8.67869048E+1
8.49987000E+2	-8.73005823E+1
8.49991500E+2	-8.79218810E+1
8.49996000E+2	-8.83582490E+1
8.50000500E+2	-8.67775347E+1
8.50005000E+2	-8.79777991E+1
8.50009500E+2	-8.76658416E+1
8.50014000E+2	-8.76202156E+1
8.50018500E+2	-8.83993723E+1
8.50023000E+2	-8.79916543E+1
8.50027500E+2	-8.75224005E+1
8.50032000E+2	-8.77216983E+1
8.50036500E+2	-8.75234474E+1
8.50041000E+2	-8.75540917E+1
8.50045500E+2	-8.68741444E+1
8.50050000E+2	-8.70788260E+1
8.50054500E+2	-8.77442003E+1
8.50059000E+2	-8.79703152E+1
8.50063500E+2	-8.83922443E+1
8.50068000E+2	-8.77236107E+1
8.50072500E+2	-8.74610149E+1
8.50077000E+2	-8.76557469E+1
8.50081500E+2	-8.78155234E+1
8.50086000E+2	-8.77950122E+1
8.50090500E+2	-8.74635944E+1
8.50095000E+2	-8.75718366E+1
8.50099500E+2	-8.76687460E+1
8.50104000E+2	-8.82301997E+1
8.50108500E+2	-8.74942190E+1
8.50113000E+2	-8.73569194E+1
8.50117500E+2	-8.77144568E+1
8.50122000E+2	-8.75404038E+1
8.50126500E+2	-8.74806620E+1
8.50131000E+2	-8.79193938E+1
8.50135500E+2	-8.75164460E+1
8.50140000E+2	-8.78210070E+1
8.50144500E+2	-8.72330240E+1
8.50149000E+2	-8.75279198E+1
8.50153500E+2	-8.82742495E+1
8.50158000E+2	-8.82258655E+1
8.50162500E+2	-8.74251090E+1
8.50167000E+2	-8.71513957E+1
8.50171500E+2	-8.74401540E+1
8.50176000E+2	-8.79771109E+1
8.50180500E+2	-8.71674738E+1
8.50185000E+2	-8.74238164E+1
8.50189500E+2	-8.74500663E+1
8.50194000E+2	-8.75131325E+1
8.50198500E+2	-8.70555932E+1
8.50203000E+2	-8.72612744E+1
8.50207500E+2	-8.77849595E+1
8.50212000E+2	-8.76354813E+1
8.50216500E+2	-8.80089852E+1
8.50221000E+2	-8.77813738E+1
8.50225500E+2	-8.78841919E+1
8.50230000E+2	-8.73534979E+1
8.50234500E+2	-8.85000739E+1
8.50239000E+2	-8.74375235E+1
8.50243500E+2	-8.76514486E+1
8.50248000E+2	-8.79384884E+1
8.50252500E+2	-8.72231978E+1
8.50257000E+2	-8.70264494E+1
8.50261500E+2	-8.73925933E+1
8.50266000E+2	-8.75355742E+1
8.50270500E+2	-8.75035142E+1
8.50275000E+2	-8.76535378E+1
8.50279500E+2	-8.75244921E+1
8.50284000E+2	-8.80582314E+1
8.50288500E+2	-8.75902657E+1
8.50293000E+2	-8.74051218E+1
8.50297500E+2	-8.80057929E+1
8.50302000E+2	-8.80267408E+1
8.50306500E+2	-8.75949191E+1
8.50311000E+2	-8.69586615E+1
8.50315500E+2	-8.69827012E+1
8.50320000E+2	-8.78921125E+1
8.50324500E+2	-8.72865173E+1
8.50329000E+2	-8.72255364E+1
8.50333500E+2	-8.77203542E+1
8.50338000E+2	-8.83889768E+1
8.50342500E+2	-8.72858268E+1
8.50347000E+2	-8.77075047E+1
8.50351500E+2	-8.80031000E+1
8.50356000E+2	-8.72807444E+1
8.50360500E+2	-8.78093494E+1
8.50365000E+2	-8.71711501E+1
8.50369500E+2	-8.71781328E+1
8.50374000E+2	-8.79428904E+1
8.50378500E+2	-8.76143455E+1
8.50383000E+2	-8.78453147E+1
8.50387500E+2	-8.76922393E+1
8.50392000E+2	-8.80089251E+1
8.50396500E+2	-8.73419147E+1
8.50401000E+2	-8.80368949E+1
8.50405500E+2	-8.80792771E+1
8.50410000E+2	-8.80030199E+1
8.50414500E+2	-8.79588237E+1
8.50419000E+2	-8.73206722E+1
8.50423500E+2	-8.75502013E+1
8.50428000E+2	-8.78391188E+1
8.50432500E+2	-8.74473560E+1
8.50437000E+2	-8.76825185E+1
8.50441500E+2	-8.77573066E+1
8.50446000E+2	-8.81642687E+1
8.50450500E+2	-8.81286988E+1
8.50455000E+2	-8.74973468E+1
8.50459500E+2	-8.77065024E+1
8.50464000E+2	-8.78586587E+1
8.50468500E+2	-8.71220938E+1
8.50473000E+2	-8.69563813E+1
8.50477500E+2	-8.73022073E+1
8.50482000E+2	-8.76231318E+1
8.50486500E+2	-8.77743385E+1
8.50491000E+2	-8.78252481E+1
8.50495500E+2	-8.74604081E+1
8.50500000E+2	-8.76288484E+1
