8.46000000E+2	-7.78293789E+1
8.46004500E+2	-7.78016718E+1
8.46009000E+2	-7.76665105E+1
8.46013500E+2	-7.71475916E+1
8.46018000E+2	-7.70787480E+1
8.46022500E+2	-7.75926177E+1
8.46027000E+2	-7.75115011E+1
8.46031500E+2	-7.72530941E+1
8.46036000E+2	-7.73185142E+1
8.46040500E+2	-7.74286884E+1
8.46045000E+2	-7.83061749E+1
8.46049500E+2	-7.75467558E+1
8.46054000E+2	-7.75327222E+1
8.46058500E+2	-7.77887363E+1
8.46063000E+2	-7.75493783E+1
8.46067500E+2	-7.79786752E+1
8.46072000E+2	-7.77539038E+1
8.46076500E+2	-7.82020172E+1
8.46081000E+2	-7.75794605E+1
8.46085500E+2	-7.73975812E+1
8.46090000E+2	-7.79509364E+1
8.46094500E+2	-7.77172512E+1
8.46099000E+2	-7.73297447E+1
8.46103500E+2	-7.72386438E+1
8.46108000E+2	-7.77072976E+1
8.46112500E+2	-7.75364401E+1
8.46117000E+2	-7.75397250E+1
8.46121500E+2	-7.77010524E+1
8.46126000E+2	-7.82353033E+1
8.46130500E+2	-7.80050795E+1
8.46135000E+2	-7.72538090E+1
8.46139500E+2	-7.78023368E+1
8.46144000E+2	-7.78268583E+1
8.46148500E+2	-7.79478967E+1
8.46153000E+2	-7.74615794E+1
8.46157500E+2	-7.76597416E+1
8.46162000E+2	-7.80945518E+1
8.46166500E+2	-7.80916197E+1
8.46171000E+2	-7.79824710E+1
8.46175500E+2	-7.78358453E+1
8.46180000E+2	-7.82685599E+1
8.46184500E+2	-7.79849952E+1
8.46189000E+2	-7.84611097E+1
8.46193500E+2	-7.80071436E+1
8.46198000E+2	-7.74917432E+1
8.46202500E+2	-7.78522448E+1
8.46207000E+2	-7.80064190E+1
8.46211500E+2	-7.78414840E+1
8.46216000E+2	-7.76320068E+1
8.46220500E+2	-7.78255424E+1
8.46225000E+2	-7.83790119E+1
8.46229500E+2	-7.83699110E+1
8.46234000E+2	-7.83436960E+1
8.46238500E+2	-7.78658365E+1
8.46243000E+2	-7.81050049E+1
8.46247500E+2	-7.82843853E+1
8.46252000E+2	-7.83334594E+1
8.46256500E+2	-7.77907799E+1
8.46261000E+2	-7.75137009E+1
8.46265500E+2	-7.85990409E+1
8.46270000E+2	-7.88447477E+1
8.46274500E+2	-7.83927845E+1
8.46279000E+2	-7.79727165E+1
8.46283500E+2	-7.78377581E+1
8.46288000E+2	-7.80009920E+1
8.46292500E+2	-7.81340105E+1
8.46297000E+2	-7.82602629E+1
8.46301500E+2	-7.78657138E+1
8.46306000E+2	-7.81046567E+1
8.46310500E+2	-7.84563138E+1
8.46315000E+2	-7.76897191E+1
8.46319500E+2	-7.77296033E+1
8.46324000E+2	-7.77749699E+1
8.46328500E+2	-7.80305619E+1
8.46333000E+2	-7.86666382E+1
8.46337500E+2	-7.84943094E+1
8.46342000E+2	-7.77037801E+1
8.46346500E+2	-7.77910965E+1
8.46351000E+2	-7.85415184E+1
8.46355500E+2	-7.77378025E+1
8.46360000E+2	-7.77757053E+1
8.46364500E+2	-7.80673459E+1
8.46369000E+2	-7.79498598E+1
8.46373500E+2	-7.80917441E+1
8.46378000E+2	-7.79643121E+1
8.46382500E+2	-7.84205348E+1
8.46387000E+2	-7.83541907E+1
8.46391500E+2	-7.82178247E+1
8.46396000E+2	-7.80003222E+1
8.46400500E+2	-7.78050438E+1
8.46405000E+2	-7.75353517E+1
8.46409500E+2	-7.80327142E+1
8.46414000E+2	-7.83471326E+1
8.46418500E+2	-7.79709528E+1
8.46423000E+2	-7.75995025E+1
8.46427500E+2	-7.81371040E+1
8.46432000E+2	-7.78377533E+1
8.46436500E+2	-7.79427495E+1
8.46441000E+2	-7.83248612E+1
8.46445500E+2	-7.84930688E+1
8.46450000E+2	-7.81040106E+1
8.46454500E+2	-7.82310470E+1
8.46459000E+2	-7.82897274E+1
8.46463500E+2	-7.84813460E+1
8.46468000E+2	-7.82179759E+1
8.46472500E+2	-7.78438578E+1
8.46477000E+2	-7.82384771E+1
8.46481500E+2	-7.82383607E+1
8.46486000E+2	-7.84197339E+1
8.46490500E+2	-7.87028711E+1
8.46495000E+2	-7.84396726E+1
8.46499500E+2	-7.82465437E+1
8.46504000E+2	-7.85150394E+1
8.46508500E+2	-7.84539346E+1
8.46513000E+2	-7.83059892E+1
8.46517500E+2	-7.84216276E+1
8.46522000E+2	-7.79791981E+1
8.46526500E+2	-7.80879028E+1
8.46531000E+2	-7.82602361E+1
8.46535500E+2	-7.81214641E+1
8.46540000E+2	-7.81903389E+1
8.46544500E+2	-7.82761459E+1
8.46549000E+2	-7.84821351E+1
8.46553500E+2	-7.80894487E+1
8.46558000E+2	-7.81868789E+1
8.46562500E+2	-7.84672888E+1
8.46567000E+2	-7.82085293E+1
8.46571500E+2	-7.74895149E+1
8.46576000E+2	-7.76899958E+1
8.46580500E+2	-7.82275758E+1
8.46585000E+2	-7.80951846E+1
8.46589500E+2	-7.84892995E+1
8.46594000E+2	-7.86517060E+1
8.46598500E+2	-7.86792255E+1
8.46603000E+2	-7.83805474E+1
8.46607500E+2	-7.81338096E+1
8.46612000E+2	-7.79905476E+1
8.46616500E+2	-7.76921442E+1
8.46621000E+2	-7.83240132E+1
8.46625500E+2	-7.83661604E+1
8.46630000E+2	-7.88178336E+1
8.46634500E+2	-7.86073218E+1
8.46639000E+2	-7.75262718E+1
8.46643500E+2	-7.78192511E+1
8.46648000E+2	-7.82616850E+1
8.46652500E+2	-7.83941844E+1
8.46657000E+2	-7.85159260E+1
8.46661500E+2	-7.81995670E+1
8.46666000E+2	-7.75244756E+1
8.46670500E+2	-7.77492278E+1
8.46675000E+2	-7.83826981E+1
8.46679500E+2	-7.82172845E+1
8.46684000E+2	-7.78261863E+1
8.46688500E+2	-7.76336979E+1
8.46693000E+2	-7.75854455E+1
8.46697500E+2	-7.81607998E+1
8.46702000E+2	-7.76569744E+1
8.46706500E+2	-7.78679118E+1
8.46711000E+2	-7.78835874E+1
8.46715500E+2	-7.78148114E+1
8.46720000E+2	-7.78080221E+1
8.46724500E+2	-7.74917077E+1
8.46729000E+2	-7.73772084E+1
8.46733500E+2	-7.69671172E+1
8.46738000E+2	-7.72270528E+1
8.46742500E+2	-7.71569373E+1
8.46747000E+2	-7.68140111E+1
8.46751500E+2	-7.62557424E+1
8.46756000E+2	-7.64001969E+1
8.46760500E+2	-7.63702472E+1
8.46765000E+2	-7.68204885E+1
8.46769500E+2	-7.68813878E+1
8.46774000E+2	-7.70159417E+1
8.46778500E+2	-7.68959195E+1
8.46783000E+2	-7.63810900E+1
8.46787500E+2	-7.65430917E+1
8.46792000E+2	-7.64579782E+1
8.46796500E+2	-7.62313661E+1
8.46801000E+2	-7.67115697E+1
8.46805500E+2	-7.64758762E+1
8.46810000E+2	-7.70525604E+1
8.46814500E+2	-7.70924852E+1
8.46819000E+2	-7.69027995E+1
8.46823500E+2	-7.65008391E+1
8.46828000E+2	-7.64483083E+1
8.46832500E+2	-7.67140184E+1
8.46837000E+2	-7.70536532E+1
8.46841500E+2	-7.76658342E+1
8.46846000E+2	-7.81617691E+1
8.46850500E+2	-7.77479751E+1
8.46855000E+2	-7.76795151E+1
8.46859500E+2	-7.78511244E+1
8.46864000E+2	-7.76469715E+1
8.46868500E+2	-7.75787838E+1
8.46873000E+2	-7.76268891E+1
8.46877500E+2	-7.83395152E+1
8.46882000E+2	-7.80985455E+1
8.46886500E+2	-7.78691685E+1
8.46891000E+2	-7.78906736E+1
8.46895500E+2	-7.75373521E+1
8.46900000E+2	-7.73598509E+1
8.46904500E+2	-7.79147930E+1
8.46909000E+2	-7.79183965E+1
8.46913500E+2	-7.80648880E+1
8.46918000E+2	-7.84318561E+1
8.46922500E+2	-7.84199119E+1
8.46927000E+2	-7.78418555E+1
8.46931500E+2	-7.86947343E+1
8.46936000E+2	-7.81663186E+1
8.46940500E+2	-7.81544880E+1
8.46945000E+2	-7.78654328E+1
8.46949500E+2	-7.85299903E+1
8.46954000E+2	-7.80715351E+1
8.46958500E+2	-7.82638061E+1
8.46963000E+2	-7.83903508E+1
8.46967500E+2	-7.78176820E+1
8.46972000E+2	-7.77941277E+1
8.46976500E+2	-7.79817460E+1
8.46981000E+2	-7.81200558E+1
8.46985500E+2	-7.80282934E+1
8.46990000E+2	-7.84937615E+1
8.46994500E+2	-7.83870244E+1
8.46999000E+2	-7.83273630E+1
8.47003500E+2	-7.84620533E+1
8.47008000E+2	-7.78806971E+1
8.47012500E+2	-7.82170981E+1
8.47017000E+2	-7.86409671E+1
8.47021500E+2	-7.82433956E+1
8.47026000E+2	-7.82607185E+1
8.47030500E+2	-7.81072174E+1
8.47035000E+2	-7.75916790E+1
8.47039500E+2	-7.79124542E+1
8.47044000E+2	-7.82130065E+1
8.47048500E+2	-7.83202739E+1
8.47053000E+2	-7.81162149E+1
8.47057500E+2	-7.79308921E+1
8.47062000E+2	-7.79226006E+1
8.47066500E+2	-7.77955711E+1
8.47071000E+2	-7.81891313E+1
8.47075500E+2	-7.81141309E+1
8.47080000E+2	-7.85994051E+1
8.47084500E+2	-7.82563975E+1
8.47089000E+2	-7.82304267E+1
8.47093500E+2	-7.84014951E+1
8.47098000E+2	-7.86273237E+1
8.47102500E+2	-7.82057125E+1
8.47107000E+2	-7.78446271E+1
8.47111500E+2	-7.80870081E+1
8.47116000E+2	-7.85330328E+1
8.47120500E+2	-7.86643497E+1
8.47125000E+2	-7.80809360E+1
8.47129500E+2	-7.83879042E+1
8.47134000E+2	-7.84904468E+1
8.47138500E+2	-7.84565542E+1
8.47143000E+2	-7.82277081E+1
8.47147500E+2	-7.84781417E+1
8.47152000E+2	-7.83543428E+1
8.47156500E+2	-7.81191301E+1
8.47161000E+2	-7.80180825E+1
8.47165500E+2	-7.84655715E+1
8.47170000E+2	-7.80648672E+1
8.47174500E+2	-7.80960316E+1
8.47179000E+2	-7.79968951E+1
8.47183500E+2	-7.82225112E+1
8.47188000E+2	-7.79937266E+1
8.47192500E+2	-7.80315344E+1
8.47197000E+2	-7.81087837E+1
8.47201500E+2	-7.78947425E+1
8.47206000E+2	-7.80384290E+1
8.47210500E+2	-7.88646287E+1
8.47215000E+2	-7.84071151E+1
8.47219500E+2	-7.80361957E+1
8.47224000E+2	-7.79507908E+1
8.47228500E+2	-7.81965729E+1
8.47233000E+2	-7.84441515E+1
8.47237500E+2	-7.86261060E+1
8.47242000E+2	-7.82024510E+1
8.47246500E+2	-7.80247688E+1
8.47251000E+2	-7.80534936E+1
8.47255500E+2	-7.84971550E+1
8.47260000E+2	-7.80591072E+1
8.47264500E+2	-7.82252688E+1
8.47269000E+2	-7.81914404E+1
8.47273500E+2	-7.83135763E+1
8.47278000E+2	-7.77062150E+1
8.47282500E+2	-7.79590697E+1
8.47287000E+2	-7.82350633E+1
8.47291500E+2	-7.82910796E+1
8.47296000E+2	-7.76142268E+1
8.47300500E+2	-7.80276077E+1
8.47305000E+2	-7.80763160E+1
8.47309500E+2	-7.83508426E+1
8.47314000E+2	-7.84223382E+1
8.47318500E+2	-7.75419988E+1
8.47323000E+2	-7.73584448E+1
8.47327500E+2	-7.75200826E+1
8.47332000E+2	-7.82421089E+1
8.47336500E+2	-7.81920882E+1
8.47341000E+2	-7.79577557E+1
8.47345500E+2	-7.81267888E+1
8.47350000E+2	-7.78201279E+1
8.47354500E+2	-7.80340722E+1
8.47359000E+2	-7.78260296E+1
8.47363500E+2	-7.81102070E+1
8.47368000E+2	-7.80183704E+1
8.47372500E+2	-7.86046244E+1
8.47377000E+2	-7.83758528E+1
8.47381500E+2	-7.78457295E+1
8.47386000E+2	-7.80984518E+1
8.47390500E+2	-7.84188324E+1
8.47395000E+2	-7.83287797E+1
8.47399500E+2	-7.82419440E+1
8.47404000E+2	-7.84173370E+1
8.47408500E+2	-7.85935535E+1
8.47413000E+2	-7.85717078E+1
8.47417500E+2	-7.81554722E+1
8.47422000E+2	-7.80554227E+1
8.47426500E+2	-7.83292905E+1
8.47431000E+2	-7.85688473E+1
8.47435500E+2	-7.85477189E+1
8.47440000E+2	-7.83179742E+1
8.47444500E+2	-7.84373307E+1
8.47449000E+2	-7.84494014E+1
8.47453500E+2	-7.81562899E+1
8.47458000E+2	-7.84083256E+1
8.47462500E+2	-7.81436222E+1
8.47467000E+2	-7.80866388E+1
8.47471500E+2	-7.81325355E+1
8.47476000E+2	-7.83875418E+1
8.47480500E+2	-7.81371052E+1
8.47485000E+2	-7.79799373E+1
8.47489500E+2	-7.78112629E+1
8.47494000E+2	-7.79589158E+1
8.47498500E+2	-7.81513935E+1
8.47503000E+2	-7.80814761E+1
8.47507500E+2	-7.77694018E+1
8.47512000E+2	-7.83755962E+1
8.47516500E+2	-7.77960744E+1
8.47521000E+2	-7.80655031E+1
8.47525500E+2	-7.82439492E+1
8.47530000E+2	-7.80936260E+1
8.47534500E+2	-7.79266005E+1
8.47539000E+2	-7.80299920E+1
8.47543500E+2	-7.81344769E+1
8.47548000E+2	-7.82245064E+1
8.47552500E+2	-7.82545812E+1
8.47557000E+2	-7.80687447E+1
8.47561500E+2	-7.82178295E+1
8.47566000E+2	-7.85962047E+1
8.47570500E+2	-7.78845687E+1
8.47575000E+2	-7.80907498E+1
8.47579500E+2	-7.82233371E+1
8.47584000E+2	-7.82296364E+1
8.47588500E+2	-7.86692729E+1
8.47593000E+2	-7.81172205E+1
8.47597500E+2	-7.83112767E+1
8.47602000E+2	-7.80872615E+1
8.47606500E+2	-7.80322947E+1
8.47611000E+2	-7.82515904E+1
8.47615500E+2	-7.76464372E+1
8.47620000E+2	-7.78167848E+1
8.47624500E+2	-7.78027280E+1
8.47629000E+2	-7.81257542E+1
8.47633500E+2	-7.76834721E+1
8.47638000E+2	-7.74074162E+1
8.47642500E+2	-7.69027383E+1
8.47647000E+2	-7.72298496E+1
8.47651500E+2	-7.77660737E+1
8.47656000E+2	-7.76769389E+1
8.47660500E+2	-7.76674903E+1
8.47665000E+2	-7.72591512E+1
8.47669500E+2	-7.75272866E+1
8.47674000E+2	-7.69642201E+1
8.47678500E+2	-7.67130583E+1
8.47683000E+2	-7.64551364E+1
8.47687500E+2	-7.67167284E+1
8.47692000E+2	-7.61447207E+1
8.47696500E+2	-7.58051433E+1
8.47701000E+2	-7.59967737E+1
8.47705500E+2	-7.57057469E+1
8.47710000E+2	-7.61288912E+1
8.47714500E+2	-7.59093417E+1
8.47719000E+2	-7.53825499E+1
8.47723500E+2	-7.54948452E+1
8.47728000E+2	-7.48069253E+1
8.47732500E+2	-7.51431447E+1
8.47737000E+2	-7.52651101E+1
8.47741500E+2	-7.49394915E+1
8.47746000E+2	-7.48820927E+1
8.47750500E+2	-7.51452641E+1
8.47755000E+2	-7.56403876E+1
8.47759500E+2	-7.54936341E+1
8.47764000E+2	-7.52488924E+1
8.47768500E+2	-7.55061332E+1
8.47773000E+2	-7.52302215E+1
8.47777500E+2	-7.58672748E+1
8.47782000E+2	-7.63839780E+1
8.47786500E+2	-7.60252643E+1
8.47791000E+2	-7.57949086E+1
8.47795500E+2	-7.64726593E+1
8.47800000E+2	-7.66976081E+1
8.47804500E+2	-7.71122733E+1
8.47809000E+2	-7.68639582E+1
8.47813500E+2	-7.72834899E+1
8.47818000E+2	-7.78403939E+1
8.47822500E+2	-7.70169416E+1
8.47827000E+2	-7.75325840E+1
8.47831500E+2	-7.73268650E+1
8.47836000E+2	-7.74221776E+1
8.47840500E+2	-7.72745698E+1
8.47845000E+2	-7.74805565E+1
8.47849500E+2	-7.73143305E+1
8.47854000E+2	-7.77099772E+1
8.47858500E+2	-7.77144965E+1
8.47863000E+2	-7.78246764E+1
8.47867500E+2	-7.82380143E+1
8.47872000E+2	-7.83838083E+1
8.47876500E+2	-7.79069855E+1
8.47881000E+2	-7.76038869E+1
8.47885500E+2	-7.85565083E+1
8.47890000E+2	-7.78148439E+1
8.47894500E+2	-7.84488373E+1
8.47899000E+2	-7.82531230E+1
8.47903500E+2	-7.83565512E+1
8.47908000E+2	-7.80225564E+1
8.47912500E+2	-7.77953541E+1
8.47917000E+2	-7.84279831E+1
8.47921500E+2	-7.82590407E+1
8.47926000E+2	-7.81437046E+1
8.47930500E+2	-7.77506622E+1
8.47935000E+2	-7.78587030E+1
8.47939500E+2	-7.78615625E+1
8.47944000E+2	-7.82911087E+1
8.47948500E+2	-7.76502599E+1
8.47953000E+2	-7.80749568E+1
8.47957500E+2	-7.81249828E+1
8.47962000E+2	-7.83817622E+1
8.47966500E+2	-7.81347969E+1
8.47971000E+2	-7.81740205E+1
8.47975500E+2	-7.80663822E+1
8.47980000E+2	-7.78856446E+1
8.47984500E+2	-7.80309024E+1
8.47989000E+2	-7.79924843E+1
8.47993500E+2	-7.78441492E+1
8.47998000E+2	-7.79657806E+1
8.48002500E+2	-7.79746073E+1
8.48007000E+2	-7.75030982E+1
8.48011500E+2	-7.71028686E+1
8.48016000E+2	-7.67438018E+1
8.48020500E+2	-7.64758144E+1
8.48025000E+2	-7.64426854E+1
8.48029500E+2	-7.62577468E+1
8.48034000E+2	-7.66049606E+1
8.48038500E+2	-7.65087179E+1
8.48043000E+2	-7.56201218E+1
8.48047500E+2	-7.50942434E+1
8.48052000E+2	-7.42548901E+1
8.48056500E+2	-7.42108315E+1
8.48061000E+2	-7.38336169E+1
8.48065500E+2	-7.34481638E+1
8.48070000E+2	-7.32266277E+1
8.48074500E+2	-7.28678139E+1
8.48079000E+2	-7.23232227E+1
8.48083500E+2	-7.24184788E+1
8.48088000E+2	-7.22365016E+1
8.48092500E+2	-7.22156597E+1
8.48097000E+2	-7.20680594E+1
8.48101500E+2	-7.22945671E+1
8.48106000E+2	-7.21347460E+1
8.48110500E+2	-7.20520011E+1
8.48115000E+2	-7.25873093E+1
8.48119500E+2	-7.28012418E+1
8.48124000E+2	-7.26123169E+1
8.48128500E+2	-7.30846278E+1
8.48133000E+2	-7.35660123E+1
8.48137500E+2	-7.41560299E+1
8.48142000E+2	-7.44363043E+1
8.48146500E+2	-7.48558559E+1
8.48151000E+2	-7.58256249E+1
8.48155500E+2	-7.66024812E+1
8.48160000E+2	-7.65279786E+1
8.48164500E+2	-7.68424681E+1
8.48169000E+2	-7.76422925E+1
8.48173500E+2	-7.72063488E+1
8.48178000E+2	-7.73112310E+1
8.48182500E+2	-7.75104417E+1
8.48187000E+2	-7.77864333E+1
8.48191500E+2	-7.79933799E+1
8.48196000E+2	-7.81914994E+1
8.48200500E+2	-7.79227222E+1
8.48205000E+2	-7.78629872E+1
8.48209500E+2	-7.78802572E+1
8.48214000E+2	-7.82289954E+1
8.48218500E+2	-7.79525627E+1
8.48223000E+2	-7.80704876E+1
8.48227500E+2	-7.83482803E+1
8.48232000E+2	-7.80362458E+1
8.48236500E+2	-7.81996441E+1
8.48241000E+2	-7.84741624E+1
8.48245500E+2	-7.81951735E+1
8.48250000E+2	-7.83981164E+1
8.48254500E+2	-7.80841504E+1
8.48259000E+2	-7.77027978E+1
8.48263500E+2	-7.74754151E+1
8.48268000E+2	-7.82363748E+1
8.48272500E+2	-7.79789016E+1
8.48277000E+2	-7.80430536E+1
8.48281500E+2	-7.79271147E+1
8.48286000E+2	-7.76723939E+1
8.48290500E+2	-7.81007328E+1
8.48295000E+2	-7.83299389E+1
8.48299500E+2	-7.83013668E+1
8.48304000E+2	-7.78234160E+1
8.48308500E+2	-7.78193832E+1
8.48313000E+2	-7.80039541E+1
8.48317500E+2	-7.84938540E+1
8.48322000E+2	-7.89993915E+1
8.48326500E+2	-7.83359616E+1
8.48331000E+2	-7.76507777E+1
8.48335500E+2	-7.82499024E+1
8.48340000E+2	-7.79418332E+1
8.48344500E+2	-7.89529384E+1
8.48349000E+2	-7.83729153E+1
8.48353500E+2	-7.78638298E+1
8.48358000E+2	-7.82763644E+1
8.48362500E+2	-7.84185276E+1
8.48367000E+2	-7.83228477E+1
8.48371500E+2	-7.81584243E+1
8.48376000E+2	-7.81526476E+1
8.48380500E+2	-7.82183263E+1
8.48385000E+2	-7.85942893E+1
8.48389500E+2	-7.82650707E+1
8.48394000E+2	-7.81673994E+1
8.48398500E+2	-7.86034959E+1
8.48403000E+2	-7.81014564E+1
8.48407500E+2	-7.78179797E+1
8.48412000E+2	-7.76405488E+1
8.48416500E+2	-7.73247815E+1
8.48421000E+2	-7.77140300E+1
8.48425500E+2	-7.80310828E+1
8.48430000E+2	-7.81796215E+1
8.48434500E+2	-7.80921798E+1
8.48439000E+2	-7.83562684E+1
8.48443500E+2	-7.76261416E+1
8.48448000E+2	-7.78885768E+1
8.48452500E+2	-7.80472504E+1
8.48457000E+2	-7.84902882E+1
8.48461500E+2	-7.85165805E+1
8.48466000E+2	-7.82888860E+1
8.48470500E+2	-7.84705567E+1
8.48475000E+2	-7.83963194E+1
8.48479500E+2	-7.80256989E+1
8.48484000E+2	-7.81209672E+1
8.48488500E+2	-7.82110231E+1
8.48493000E+2	-7.80847161E+1
8.48497500E+2	-7.80269163E+1
8.48502000E+2	-7.80914673E+1
8.48506500E+2	-7.84268349E+1
8.48511000E+2	-7.80244084E+1
8.48515500E+2	-7.78561049E+1
8.48520000E+2	-7.78125419E+1
8.48524500E+2	-7.84196865E+1
8.48529000E+2	-7.88386324E+1
8.48533500E+2	-7.84906226E+1
8.48538000E+2	-7.82832532E+1
8.48542500E+2	-7.81044134E+1
8.48547000E+2	-7.80653474E+1
8.48551500E+2	-7.77953452E+1
8.48556000E+2	-7.80978591E+1
8.48560500E+2	-7.80883624E+1
8.48565000E+2	-7.77826881E+1
8.48569500E+2	-7.86012260E+1
8.48574000E+2	-7.84310645E+1
8.48578500E+2	-7.83772915E+1
8.48583000E+2	-7.81330619E+1
8.48587500E+2	-7.84447845E+1
8.48592000E+2	-7.86068047E+1
8.48596500E+2	-7.85137419E+1
8.48601000E+2	-7.82231587E+1
8.48605500E+2	-7.79219691E+1
8.48610000E+2	-7.78601108E+1
8.48614500E+2	-7.78106606E+1
8.48619000E+2	-7.78085096E+1
8.48623500E+2	-7.83467574E+1
8.48628000E+2	-7.81563571E+1
8.48632500E+2	-7.84407448E+1
8.48637000E+2	-7.83121006E+1
8.48641500E+2	-7.78251307E+1
8.48646000E+2	-7.78193234E+1
8.48650500E+2	-7.78019540E+1
8.48655000E+2	-7.79150954E+1
8.48659500E+2	-7.77110880E+1
8.48664000E+2	-7.85625664E+1
8.48668500E+2	-7.79190432E+1
8.48673000E+2	-7.79974221E+1
8.48677500E+2	-7.78091687E+1
8.48682000E+2	-7.83872058E+1
8.48686500E+2	-7.83204872E+1
8.48691000E+2	-7.82442662E+1
8.48695500E+2	-7.79142432E+1
8.48700000E+2	-7.80006012E+1
8.48704500E+2	-7.78731633E+1
8.48709000E+2	-7.83060570E+1
8.48713500E+2	-7.86592575E+1
8.48718000E+2	-7.81109315E+1
8.48722500E+2	-7.82454765E+1
8.48727000E+2	-7.78292172E+1
8.48731500E+2	-7.75084573E+1
8.48736000E+2	-7.73550819E+1
8.48740500E+2	-7.82093129E+1
8.48745000E+2	-7.81640376E+1
8.48749500E+2	-7.84921263E+1
8.48754000E+2	-7.81201802E+1
8.48758500E+2	-7.83074858E+1
8.48763000E+2	-7.78280389E+1
8.48767500E+2	-7.77376446E+1
8.48772000E+2	-7.76715615E+1
8.48776500E+2	-7.80452578E+1
8.48781000E+2	-7.81929433E+1
8.48785500E+2	-7.76982036E+1
8.48790000E+2	-7.78719955E+1
8.48794500E+2	-7.83215848E+1
8.48799000E+2	-7.83572342E+1
8.48803500E+2	-7.83560007E+1
8.48808000E+2	-7.84199039E+1
8.48812500E+2	-7.88322385E+1
8.48817000E+2	-7.85398731E+1
8.48821500E+2	-7.85090030E+1
8.48826000E+2	-7.82510891E+1
8.48830500E+2	-7.84827479E+1
8.48835000E+2	-7.79147899E+1
8.48839500E+2	-7.81559770E+1
8.48844000E+2	-7.85385634E+1
8.48848500E+2	-7.85251152E+1
8.48853000E+2	-7.77360939E+1
8.48857500E+2	-7.79857990E+1
8.48862000E+2	-7.74955063E+1
8.48866500E+2	-7.80667378E+1
8.48871000E+2	-7.82676164E+1
8.48875500E+2	-7.84624204E+1
8.48880000E+2	-7.85038268E+1
8.48884500E+2	-7.77190121E+1
8.48889000E+2	-7.77894318E+1
8.48893500E+2	-7.82978607E+1
8.48898000E+2	-7.80495888E+1
8.48902500E+2	-7.83101653E+1
8.48907000E+2	-7.84136973E+1
8.48911500E+2	-7.88092667E+1
8.48916000E+2	-7.87589487E+1
8.48920500E+2	-7.80982186E+1
8.48925000E+2	-7.77592670E+1
8.48929500E+2	-7.81060156E+1
8.48934000E+2	-7.78018531E+1
8.48938500E+2	-7.81610692E+1
8.48943000E+2	-7.78754495E+1
8.48947500E+2	-7.81257471E+1
8.48952000E+2	-7.81400284E+1
8.48956500E+2	-7.80755615E+1
8.48961000E+2	-7.78008524E+1
8.48965500E+2	-7.76773145E+1
8.48970000E+2	-7.84234039E+1
8.48974500E+2	-7.83716914E+1
8.48979000E+2	-7.79694174E+1
8.48983500E+2	-7.84729492E+1
8.48988000E+2	-7.80658733E+1
8.48992500E+2	-7.81853967E+1
8.48997000E+2	-7.82380645E+1
8.49001500E+2	-7.86375598E+1
8.49006000E+2	-7.78549430E+1
8.49010500E+2	-7.81515234E+1
8.49015000E+2	-7.82914838E+1
8.49019500E+2	-7.78312366E+1
8.49024000E+2	-7.77771939E+1
8.49028500E+2	-7.79865057E+1
8.49033000E+2	-7.79870600E+1
8.49037500E+2	-7.83242561E+1
8.49042000E+2	-7.81567400E+1
8.49046500E+2	-7.79907520E+1
8.49051000E+2	-7.84375710E+1
8.49055500E+2	-7.79477599E+1
8.49060000E+2	-7.78732912E+1
8.49064500E+2	-7.74893075E+1
8.49069000E+2	-7.75692885E+1
8.49073500E+2	-7.71507934E+1
8.49078000E+2	-7.63284020E+1
8.49082500E+2	-7.57747863E+1
8.49087000E+2	-7.53662285E+1
8.49091500E+2	-7.39797047E+1
8.49096000E+2	-7.37003214E+1
8.49100500E+2	-7.24847417E+1
8.49105000E+2	-7.13364195E+1
8.49109500E+2	-7.06626518E+1
8.49114000E+2	-7.02438800E+1
8.49118500E+2	-6.99648532E+1
8.49123000E+2	-6.91882588E+1
8.49127500E+2	-6.79662079E+1
8.49132000E+2	-6.54075126E+1
8.49136500E+2	-6.12586380E+1
8.49141000E+2	-5.46049321E+1
8.49145500E+2	-5.15291737E+1
8.49150000E+2	-4.87247988E+1
8.49154500E+2	-4.68260455E+1
8.49159000E+2	-4.54896932E+1
8.49163500E+2	-4.44316290E+1
8.49168000E+2	-4.33060344E+1
8.49172500E+2	-4.30231930E+1
8.49177000E+2	-4.22291475E+1
8.49181500E+2	-4.17519694E+1
8.49186000E+2	-4.13072640E+1
8.49190500E+2	-4.09218734E+1
8.49195000E+2	-4.05329547E+1
8.49199500E+2	-4.02082156E+1
8.49204000E+2	-3.99377812E+1
8.49208500E+2	-3.95804384E+1
8.49213000E+2	-3.94659974E+1
8.49217500E+2	-3.91452879E+1
8.49222000E+2	-3.89559164E+1
8.49226500E+2	-3.88429447E+1
8.49231000E+2	-3.87825325E+1
8.49235500E+2	-3.87944384E+1
8.49240000E+2	-3.89102782E+1
8.49244500E+2	-3.93678288E+1
8.49249000E+2	-3.98901597E+1
8.49253500E+2	-4.05276806E+1
8.49258000E+2	-4.11603708E+1
8.49262500E+2	-4.20172549E+1
8.49267000E+2	-4.30289276E+1
8.49271500E+2	-4.40013607E+1
8.49276000E+2	-4.51675362E+1
8.49280500E+2	-4.65300720E+1
8.49285000E+2	-4.96014985E+1
8.49289500E+2	-5.22525528E+1
8.49294000E+2	-5.58623399E+1
8.49298500E+2	-5.95480264E+1
8.49303000E+2	-6.22447629E+1
8.49307500E+2	-6.40983232E+1
8.49312000E+2	-6.51881074E+1
8.49316500E+2	-6.59796071E+1
8.49321000E+2	-6.69839529E+1
8.49325500E+2	-6.76282766E+1
8.49330000E+2	-6.84635748E+1
8.49334500E+2	-6.91833024E+1
8.49339000E+2	-6.97050685E+1
8.49343500E+2	-7.04545143E+1
8.49348000E+2	-7.13506378E+1
8.49352500E+2	-7.16234484E+1
8.49357000E+2	-7.25708236E+1
8.49361500E+2	-7.31693165E+1
8.49366000E+2	-7.41511253E+1
8.49370500E+2	-7.51089750E+1
8.49375000E+2	-7.63412129E+1
8.49379500E+2	-7.71856105E+1
8.49384000E+2	-7.75458799E+1
8.49388500E+2	-7.77058073E+1
8.49393000E+2	-7.75194308E+1
8.49397500E+2	-7.79572226E+1
8.49402000E+2	-7.77491315E+1
8.49406500E+2	-7.79804021E+1
8.49411000E+2	-7.81153679E+1
8.49415500E+2	-7.79082529E+1
8.49420000E+2	-7.78880277E+1
8.49424500E+2	-7.78794510E+1
8.49429000E+2	-7.79347392E+1
8.49433500E+2	-7.78302398E+1
8.49438000E+2	-7.86704554E+1
8.49442500E+2	-7.77432618E+1
8.49447000E+2	-7.81130173E+1
8.49451500E+2	-7.77341031E+1
8.49456000E+2	-7.78863728E+1
8.49460500E+2	-7.79655251E+1
8.49465000E+2	-7.78367886E+1
8.49469500E+2	-7.87030563E+1
8.49474000E+2	-7.81900028E+1
8.49478500E+2	-7.80463020E+1
8.49483000E+2	-7.80217337E+1
8.49487500E+2	-7.80199265E+1
8.49492000E+2	-7.79784497E+1
8.49496500E+2	-7.84132329E+1
8.49501000E+2	-7.81903824E+1
8.49505500E+2	-7.78718190E+1
8.49510000E+2	-7.83537412E+1
8.49514500E+2	-7.84444501E+1
8.49519000E+2	-7.81469182E+1
8.49523500E+2	-7.83788341E+1
8.49528000E+2	-7.83071662E+1
8.49532500E+2	-7.79907259E+1
8.49537000E+2	-7.80849068E+1
8.49541500E+2	-7.76737691E+1
8.49546000E+2	-7.80594999E+1
8.49550500E+2	-7.81828601E+1
8.49555000E+2	-7.84224389E+1
8.49559500E+2	-7.80868417E+1
8.49564000E+2	-7.79377775E+1
8.49568500E+2	-7.76415699E+1
8.49573000E+2	-7.77595876E+1
8.49577500E+2	-7.83861632E+1
8.49582000E+2	-7.85671508E+1
8.49586500E+2	-7.75407183E+1
8.49591000E+2	-7.81710663E+1
8.49595500E+2	-7.84201723E+1
8.49600000E+2	-7.85300483E+1
8.49604500E+2	-7.83069620E+1
8.49609000E+2	-7.80802039E+1
8.49613500E+2	-7.81890688E+1
8.49618000E+2	-7.80608587E+1
8.49622500E+2	-7.77869433E+1
8.49627000E+2	-7.80930393E+1
8.49631500E+2	-7.79451601E+1
8.49636000E+2	-7.84355238E+1
8.49640500E+2	-7.79346785E+1
8.49645000E+2	-7.82906856E+1
8.49649500E+2	-7.84947568E+1
8.49654000E+2	-7.81973505E+1
8.49658500E+2	-7.83748969E+1
8.49663000E+2	-7.80619251E+1
8.49667500E+2	-7.83606042E+1
8.49672000E+2	-7.76479982E+1
8.49676500E+2	-7.80852119E+1
8.49681000E+2	-7.77449010E+1
8.49685500E+2	-7.78886649E+1
8.49690000E+2	-7.84157953E+1
8.49694500E+2	-7.82228806E+1
8.49699000E+2	-7.85575973E+1
8.49703500E+2	-7.82920456E+1
8.49708000E+2	-7.82674958E+1
8.49712500E+2	-7.83138238E+1
8.49717000E+2	-7.84636275E+1
8.49721500E+2	-7.74965902E+1
8.49726000E+2	-7.78190615E+1
8.49730500E+2	-7.82943157E+1
8.49735000E+2	-7.84827707E+1
8.49739500E+2	-7.78724651E+1
8.49744000E+2	-7.79907031E+1
8.49748500E+2	-7.82397274E+1
8.49753000E+2	-7.76704143E+1
8.49757500E+2	-7.80851424E+1
8.49762000E+2	-7.79321519E+1
8.49766500E+2	-7.76846278E+1
8.49771000E+2	-7.72777638E+1
8.49775500E+2	-7.79199915E+1
8.49780000E+2	-7.79345895E+1
8.49784500E+2	-7.87589637E+1
8.49789000E+2	-7.85709406E+1
8.49793500E+2	-7.81904437E+1
8.49798000E+2	-7.78848099E+1
8.49802500E+2	-7.79299593E+1
8.49807000E+2	-7.86348941E+1
8.49811500E+2	-7.86624243E+1
8.49816000E+2	-7.79533340E+1
8.49820500E+2	-7.80752275E+1
8.49825000E+2	-7.74060470E+1
8.49829500E+2	-7.77092616E+1
8.49834000E+2	-7.76939400E+1
8.49838500E+2	-7.85356002E+1
8.49843000E+2	-7.88086673E+1
8.49847500E+2	-7.77920787E+1
8.49852000E+2	-7.83005282E+1
8.49856500E+2	-7.81989549E+1
8.49861000E+2	-7.83359687E+1
8.49865500E+2	-7.83256299E+1
8.49870000E+2	-7.82284065E+1
8.49874500E+2	-7.83310606E+1
8.49879000E+2	-7.81359793E+1
8.49883500E+2	-7.86455934E+1
8.49888000E+2	-7.80708933E+1
8.49892500E+2	-7.80870662E+1
8.49897000E+2	-7.76369625E+1
8.49901500E+2	-7.81309272E+1
8.49906000E+2	-7.80367545E+1
8.49910500E+2	-7.82846072E+1
8.49915000E+2	-7.84092013E+1
8.49919500E+2	-7.79759535E+1
8.49924000E+2	-7.78050935E+1
8.49928500E+2	-7.82880133E+1
8.49933000E+2	-7.75446272E+1
8.49937500E+2	-7.81535149E+1
8.49942000E+2	-7.81267066E+1
8.49946500E+2	-7.83578015E+1
8.49951000E+2	-7.81928220E+1
8.49955500E+2	-7.81150339E+1
8.49960000E+2	-7.82238515E+1
8.49964500E+2	-7.81810011E+1
8.49969000E+2	-7.83536389E+1
8.49973500E+2	-7.85015048E+1
8.49978000E+2	-7.84973167E+1
8.49982500E+2	-7.86505267E+1
8.49987000E+2	-7.80376527E+1
8.49991500E+2	-7.87350828E+1
8.49996000E+2	-7.83807322E+1
8.50000500E+2	-7.84816647E+1
8.50005000E+2	-7.77025797E+1
8.50009500E+2	-7.78413159E+1
8.50014000E+2	-7.84017819E+1
8.50018500E+2	-7.81725304E+1
8.50023000E+2	-7.80451387E+1
8.50027500E+2	-7.80725387E+1
8.50032000E+2	-7.83975035E+1
8.50036500E+2	-7.85220820E+1
8.50041000E+2	-7.76374082E+1
8.50045500E+2	-7.80208764E+1
8.50050000E+2	-7.85224430E+1
8.50054500E+2	-7.83630927E+1
8.50059000E+2	-7.84256336E+1
8.50063500E+2	-7.81699372E+1
8.50068000E+2	-7.80861594E+1
8.50072500E+2	-7.78762756E+1
8.50077000E+2	-7.79983207E+1
8.50081500E+2	-7.80829205E+1
8.50086000E+2	-7.81836166E+1
8.50090500E+2	-7.83359266E+1
8.50095000E+2	-7.84671637E+1
8.50099500E+2	-7.84737232E+1
8.50104000E+2	-7.78089825E+1
8.50108500E+2	-7.77765883E+1
8.50113000E+2	-7.83421127E+1
8.50117500E+2	-7.77753931E+1
8.50122000E+2	-7.84218465E+1
8.50126500E+2	-7.85929510E+1
8.50131000E+2	-7.80913687E+1
8.50135500E+2	-7.76356032E+1
8.50140000E+2	-7.75587455E+1
8.50144500E+2	-7.83325241E+1
8.50149000E+2	-7.79886407E+1
8.50153500E+2	-7.81238089E+1
8.50158000E+2	-7.84267067E+1
8.50162500E+2	-7.85581866E+1
8.50167000E+2	-7.81140312E+1
8.50171500E+2	-7.80832698E+1
8.50176000E+2	-7.76976211E+1
8.50180500E+2	-7.76532630E+1
8.50185000E+2	-7.78181573E+1
8.50189500E+2	-7.76683781E+1
8.50194000E+2	-7.77140022E+1
8.50198500E+2	-7.78658523E+1
8.50203000E+2	-7.82383308E+1
8.50207500E+2	-7.81843643E+1
8.50212000E+2	-7.81615863E+1
8.50216500E+2	-7.82106659E+1
8.50221000E+2	-7.81375860E+1
8.50225500E+2	-7.80683231E+1
8.50230000E+2	-7.81520442E+1
8.50234500E+2	-7.79662527E+1
8.50239000E+2	-7.79001930E+1
8.50243500E+2	-7.78681752E+1
8.50248000E+2	-7.80535491E+1
8.50252500E+2	-7.83667217E+1
8.50257000E+2	-7.83894734E+1
8.50261500E+2	-7.82251881E+1
8.50266000E+2	-7.83687907E+1
8.50270500E+2	-7.77712851E+1
8.50275000E+2	-7.77153437E+1
8.50279500E+2	-7.85976382E+1
8.50284000E+2	-7.85605123E+1
8.50288500E+2	-7.82073152E+1
8.50293000E+2	-7.79246906E+1
8.50297500E+2	-7.76946789E+1
8.50302000E+2	-7.79758891E+1
8.50306500E+2	-7.78016085E+1
8.50311000E+2	-7.81546492E+1
8.50315500E+2	-7.75354178E+1
8.50320000E+2	-7.81177118E+1
8.50324500E+2	-7.83538223E+1
8.50329000E+2	-7.84753589E+1
8.50333500E+2	-7.82324729E+1
8.50338000E+2	-7.79172751E+1
8.50342500E+2	-7.82359444E+1
8.50347000E+2	-7.82006083E+1
8.50351500E+2	-7.78353158E+1
8.50356000E+2	-7.83346855E+1
8.50360500E+2	-7.80256900E+1
8.50365000E+2	-7.80786526E+1
8.50369500E+2	-7.82453707E+1
8.50374000E+2	-7.80464199E+1
8.50378500E+2	-7.80442940E+1
8.50383000E+2	-7.80555746E+1
8.50387500E+2	-7.78265250E+1
8.50392000E+2	-7.82055325E+1
8.50396500E+2	-7.75392574E+1
8.50401000E+2	-7.78306009E+1
8.50405500E+2	-7.79978890E+1
8.50410000E+2	-7.77198144E+1
8.50414500E+2	-7.86095805E+1
8.50419000E+2	-7.83165580E+1
8.50423500E+2	-7.77331338E+1
8.50428000E+2	-7.71955253E+1
8.50432500E+2	-7.79388200E+1
8.50437000E+2	-7.79897597E+1
8.50441500E+2	-7.80998832E+1
8.50446000E+2	-7.78547021E+1
8.50450500E+2	-7.79913115E+1
8.50455000E+2	-7.83274349E+1
8.50459500E+2	-7.81811986E+1
8.50464000E+2	-7.85087236E+1
8.50468500E+2	-7.86265319E+1
8.50473000E+2	-7.86479911E+1
8.50477500E+2	-7.80923745E+1
8.50482000E+2	-7.82997503E+1
8.50486500E+2	-7.80836030E+1
8.50491000E+2	-7.87119399E+1
8.50495500E+2	-7.84356521E+1
8.50500000E+2	-7.86318347E+1
