8.46000000E+2	-7.81542333E+1
8.46004500E+2	-7.79726224E+1
8.46009000E+2	-7.85870391E+1
8.46013500E+2	-7.77221115E+1
8.46018000E+2	-7.78701178E+1
8.46022500E+2	-7.92936666E+1
8.46027000E+2	-7.87667694E+1
8.46031500E+2	-7.84623498E+1
8.46036000E+2	-7.75003535E+1
8.46040500E+2	-7.75704680E+1
8.46045000E+2	-7.80318562E+1
8.46049500E+2	-7.78170014E+1
8.46054000E+2	-7.77165357E+1
8.46058500E+2	-7.81962390E+1
8.46063000E+2	-7.76663036E+1
8.46067500E+2	-7.74881421E+1
8.46072000E+2	-7.73380498E+1
8.46076500E+2	-7.68283320E+1
8.46081000E+2	-7.78161857E+1
8.46085500E+2	-7.71726258E+1
8.46090000E+2	-7.70220027E+1
8.46094500E+2	-7.64968975E+1
8.46099000E+2	-7.75897321E+1
8.46103500E+2	-7.82974022E+1
8.46108000E+2	-7.78976616E+1
8.46112500E+2	-7.73414373E+1
8.46117000E+2	-7.73625551E+1
8.46121500E+2	-7.72427629E+1
8.46126000E+2	-7.69619859E+1
8.46130500E+2	-7.65385680E+1
8.46135000E+2	-7.72080109E+1
8.46139500E+2	-7.71445067E+1
8.46144000E+2	-7.75550690E+1
8.46148500E+2	-7.71136537E+1
8.46153000E+2	-7.76673195E+1
8.46157500E+2	-7.79582235E+1
8.46162000E+2	-7.79211343E+1
8.46166500E+2	-7.80384654E+1
8.46171000E+2	-7.70931313E+1
8.46175500E+2	-7.72114376E+1
8.46180000E+2	-7.80819558E+1
8.46184500E+2	-7.84122321E+1
8.46189000E+2	-7.76285213E+1
8.46193500E+2	-7.82023213E+1
8.46198000E+2	-7.78898186E+1
8.46202500E+2	-7.81136747E+1
8.46207000E+2	-7.76076587E+1
8.46211500E+2	-7.76936951E+1
8.46216000E+2	-7.79066198E+1
8.46220500E+2	-7.80865792E+1
8.46225000E+2	-7.85696664E+1
8.46229500E+2	-7.81406045E+1
8.46234000E+2	-7.84566241E+1
8.46238500E+2	-7.79415426E+1
8.46243000E+2	-7.80279763E+1
8.46247500E+2	-7.82309231E+1
8.46252000E+2	-7.81737330E+1
8.46256500E+2	-7.85924113E+1
8.46261000E+2	-7.73526872E+1
8.46265500E+2	-7.78204260E+1
8.46270000E+2	-7.85262857E+1
8.46274500E+2	-7.90894066E+1
8.46279000E+2	-7.86592137E+1
8.46283500E+2	-7.80545014E+1
8.46288000E+2	-7.77984694E+1
8.46292500E+2	-7.80759705E+1
8.46297000E+2	-7.86101324E+1
8.46301500E+2	-7.84220662E+1
8.46306000E+2	-7.77559555E+1
8.46310500E+2	-7.85784878E+1
8.46315000E+2	-7.84364715E+1
8.46319500E+2	-7.88017524E+1
8.46324000E+2	-7.83585576E+1
8.46328500E+2	-7.84570764E+1
8.46333000E+2	-7.75636156E+1
8.46337500E+2	-7.76809075E+1
8.46342000E+2	-7.78709163E+1
8.46346500E+2	-7.82221428E+1
8.46351000E+2	-7.74622354E+1
8.46355500E+2	-7.80252343E+1
8.46360000E+2	-7.78267698E+1
8.46364500E+2	-7.84607589E+1
8.46369000E+2	-7.86082978E+1
8.46373500E+2	-7.86950624E+1
8.46378000E+2	-7.87246040E+1
8.46382500E+2	-7.79865590E+1
8.46387000E+2	-7.79409959E+1
8.46391500E+2	-7.85404972E+1
8.46396000E+2	-7.86511399E+1
8.46400500E+2	-7.84249864E+1
8.46405000E+2	-7.82202032E+1
8.46409500E+2	-7.77739737E+1
8.46414000E+2	-7.81718885E+1
8.46418500E+2	-7.83585515E+1
8.46423000E+2	-7.73320923E+1
8.46427500E+2	-7.77807392E+1
8.46432000E+2	-7.83970548E+1
8.46436500E+2	-7.82812116E+1
8.46441000E+2	-7.85841566E+1
8.46445500E+2	-7.84733541E+1
8.46450000E+2	-7.83715061E+1
8.46454500E+2	-7.85894572E+1
8.46459000E+2	-7.86897474E+1
8.46463500E+2	-7.84658889E+1
8.46468000E+2	-7.81403388E+1
8.46472500E+2	-7.86603458E+1
8.46477000E+2	-7.87394571E+1
8.46481500E+2	-7.83725440E+1
8.46486000E+2	-7.83505177E+1
8.46490500E+2	-7.83442917E+1
8.46495000E+2	-7.83130397E+1
8.46499500E+2	-7.81453697E+1
8.46504000E+2	-7.79923348E+1
8.46508500E+2	-7.76602316E+1
8.46513000E+2	-7.81078427E+1
8.46517500E+2	-7.81130682E+1
8.46522000E+2	-7.89601066E+1
8.46526500E+2	-7.88252262E+1
8.46531000E+2	-7.79806840E+1
8.46535500E+2	-7.85918605E+1
8.46540000E+2	-7.85964050E+1
8.46544500E+2	-7.84113556E+1
8.46549000E+2	-7.83757610E+1
8.46553500E+2	-7.88782054E+1
8.46558000E+2	-7.81667974E+1
8.46562500E+2	-7.85071422E+1
8.46567000E+2	-7.80687756E+1
8.46571500E+2	-7.78420006E+1
8.46576000E+2	-7.79463874E+1
8.46580500E+2	-7.74403973E+1
8.46585000E+2	-7.74801263E+1
8.46589500E+2	-7.74863710E+1
8.46594000E+2	-7.78260011E+1
8.46598500E+2	-7.74581110E+1
8.46603000E+2	-7.71984641E+1
8.46607500E+2	-7.72651044E+1
8.46612000E+2	-7.73140151E+1
8.46616500E+2	-7.79251700E+1
8.46621000E+2	-7.82894928E+1
8.46625500E+2	-7.80014963E+1
8.46630000E+2	-7.78254498E+1
8.46634500E+2	-7.79106254E+1
8.46639000E+2	-7.78067844E+1
8.46643500E+2	-7.79064234E+1
8.46648000E+2	-7.81715415E+1
8.46652500E+2	-7.82542437E+1
8.46657000E+2	-7.73375109E+1
8.46661500E+2	-7.82256343E+1
8.46666000E+2	-7.81478962E+1
8.46670500E+2	-7.79045286E+1
8.46675000E+2	-7.78419325E+1
8.46679500E+2	-7.78713664E+1
8.46684000E+2	-7.83848053E+1
8.46688500E+2	-7.88061375E+1
8.46693000E+2	-7.85289161E+1
8.46697500E+2	-7.80569097E+1
8.46702000E+2	-7.77026353E+1
8.46706500E+2	-7.81859111E+1
8.46711000E+2	-7.78658671E+1
8.46715500E+2	-7.74612314E+1
8.46720000E+2	-7.76113512E+1
8.46724500E+2	-7.82082342E+1
8.46729000E+2	-7.76546380E+1
8.46733500E+2	-7.75700506E+1
8.46738000E+2	-7.81915653E+1
8.46742500E+2	-7.82221190E+1
8.46747000E+2	-7.77202397E+1
8.46751500E+2	-7.85777353E+1
8.46756000E+2	-7.82083351E+1
8.46760500E+2	-7.79343857E+1
8.46765000E+2	-7.75756824E+1
8.46769500E+2	-7.79304083E+1
8.46774000E+2	-7.79035193E+1
8.46778500E+2	-7.72853234E+1
8.46783000E+2	-7.71764643E+1
8.46787500E+2	-7.73198632E+1
8.46792000E+2	-7.81810216E+1
8.46796500E+2	-7.74827431E+1
8.46801000E+2	-7.75118009E+1
8.46805500E+2	-7.76297308E+1
8.46810000E+2	-7.77062297E+1
8.46814500E+2	-7.70309677E+1
8.46819000E+2	-7.68131773E+1
8.46823500E+2	-7.61105590E+1
8.46828000E+2	-7.60901962E+1
8.46832500E+2	-7.63829558E+1
8.46837000E+2	-7.60636701E+1
8.46841500E+2	-7.65654158E+1
8.46846000E+2	-7.66393785E+1
8.46850500E+2	-7.67809583E+1
8.46855000E+2	-7.61317072E+1
8.46859500E+2	-7.61834582E+1
8.46864000E+2	-7.60503592E+1
8.46868500E+2	-7.54853623E+1
8.46873000E+2	-7.61793536E+1
8.46877500E+2	-7.71508655E+1
8.46882000E+2	-7.67553397E+1
8.46886500E+2	-7.67119529E+1
8.46891000E+2	-7.62007077E+1
8.46895500E+2	-7.73087461E+1
8.46900000E+2	-7.73861857E+1
8.46904500E+2	-7.67042599E+1
8.46909000E+2	-7.63141432E+1
8.46913500E+2	-7.65179601E+1
8.46918000E+2	-7.67235686E+1
8.46922500E+2	-7.67962537E+1
8.46927000E+2	-7.72638991E+1
8.46931500E+2	-7.73458438E+1
8.46936000E+2	-7.78277315E+1
8.46940500E+2	-7.79390776E+1
8.46945000E+2	-7.82049048E+1
8.46949500E+2	-7.78881679E+1
8.46954000E+2	-7.77023818E+1
8.46958500E+2	-7.82155275E+1
8.46963000E+2	-7.81362091E+1
8.46967500E+2	-7.74258804E+1
8.46972000E+2	-7.71814814E+1
8.46976500E+2	-7.75198678E+1
8.46981000E+2	-7.74029425E+1
8.46985500E+2	-7.80839210E+1
8.46990000E+2	-7.79683263E+1
8.46994500E+2	-7.76428162E+1
8.46999000E+2	-7.86624231E+1
8.47003500E+2	-7.86094232E+1
8.47008000E+2	-7.84140074E+1
8.47012500E+2	-7.81636082E+1
8.47017000E+2	-7.81013355E+1
8.47021500E+2	-7.78903065E+1
8.47026000E+2	-7.84794650E+1
8.47030500E+2	-7.79478983E+1
8.47035000E+2	-7.75918033E+1
8.47039500E+2	-7.73188674E+1
8.47044000E+2	-7.79260314E+1
8.47048500E+2	-7.81905078E+1
8.47053000E+2	-7.79124370E+1
8.47057500E+2	-7.74351839E+1
8.47062000E+2	-7.77980646E+1
8.47066500E+2	-7.71019640E+1
8.47071000E+2	-7.72428508E+1
8.47075500E+2	-7.84677430E+1
8.47080000E+2	-7.78324346E+1
8.47084500E+2	-7.80921344E+1
8.47089000E+2	-7.78653847E+1
8.47093500E+2	-7.81300526E+1
8.47098000E+2	-7.88838775E+1
8.47102500E+2	-7.80185998E+1
8.47107000E+2	-7.81451534E+1
8.47111500E+2	-7.77018724E+1
8.47116000E+2	-7.80373988E+1
8.47120500E+2	-7.73388509E+1
8.47125000E+2	-7.74562473E+1
8.47129500E+2	-7.78865564E+1
8.47134000E+2	-7.81325468E+1
8.47138500E+2	-7.82853457E+1
8.47143000E+2	-7.79647159E+1
8.47147500E+2	-7.83620224E+1
8.47152000E+2	-7.80232188E+1
8.47156500E+2	-7.86967747E+1
8.47161000E+2	-7.80296440E+1
8.47165500E+2	-7.79115643E+1
8.47170000E+2	-7.69763876E+1
8.47174500E+2	-7.78776477E+1
8.47179000E+2	-7.87844864E+1
8.47183500E+2	-7.86406789E+1
8.47188000E+2	-7.85979004E+1
8.47192500E+2	-7.88039937E+1
8.47197000E+2	-7.78707187E+1
8.47201500E+2	-7.81435226E+1
8.47206000E+2	-7.83123926E+1
8.47210500E+2	-7.78502001E+1
8.47215000E+2	-7.73504763E+1
8.47219500E+2	-7.80752916E+1
8.47224000E+2	-7.82053938E+1
8.47228500E+2	-7.80878916E+1
8.47233000E+2	-7.74103060E+1
8.47237500E+2	-7.81357891E+1
8.47242000E+2	-7.82778921E+1
8.47246500E+2	-7.84370999E+1
8.47251000E+2	-7.83948096E+1
8.47255500E+2	-7.85282583E+1
8.47260000E+2	-7.83084846E+1
8.47264500E+2	-7.76997903E+1
8.47269000E+2	-7.79943812E+1
8.47273500E+2	-7.90052894E+1
8.47278000E+2	-7.90427554E+1
8.47282500E+2	-7.85354382E+1
8.47287000E+2	-7.84021752E+1
8.47291500E+2	-7.75502438E+1
8.47296000E+2	-7.77087986E+1
8.47300500E+2	-7.79664436E+1
8.47305000E+2	-7.82114326E+1
8.47309500E+2	-7.87195897E+1
8.47314000E+2	-7.84535538E+1
8.47318500E+2	-7.75172058E+1
8.47323000E+2	-7.75874589E+1
8.47327500E+2	-7.83515169E+1
8.47332000E+2	-7.85084800E+1
8.47336500E+2	-7.81754164E+1
8.47341000E+2	-7.86003700E+1
8.47345500E+2	-7.86330188E+1
8.47350000E+2	-7.85305289E+1
8.47354500E+2	-7.84409001E+1
8.47359000E+2	-7.81215754E+1
8.47363500E+2	-7.78367970E+1
8.47368000E+2	-7.74840357E+1
8.47372500E+2	-7.75405102E+1
8.47377000E+2	-7.77250427E+1
8.47381500E+2	-7.81162234E+1
8.47386000E+2	-7.82198999E+1
8.47390500E+2	-7.83075104E+1
8.47395000E+2	-7.73761759E+1
8.47399500E+2	-7.76705625E+1
8.47404000E+2	-7.76642726E+1
8.47408500E+2	-7.79977650E+1
8.47413000E+2	-7.89056445E+1
8.47417500E+2	-7.81915506E+1
8.47422000E+2	-7.81372419E+1
8.47426500E+2	-7.88387166E+1
8.47431000E+2	-7.86616625E+1
8.47435500E+2	-7.82416486E+1
8.47440000E+2	-7.81648032E+1
8.47444500E+2	-7.75835427E+1
8.47449000E+2	-7.78784970E+1
8.47453500E+2	-7.83233549E+1
8.47458000E+2	-7.75488268E+1
8.47462500E+2	-7.82758311E+1
8.47467000E+2	-7.85201915E+1
8.47471500E+2	-7.79424770E+1
8.47476000E+2	-7.81171730E+1
8.47480500E+2	-7.87367531E+1
8.47485000E+2	-7.86231657E+1
8.47489500E+2	-7.80222951E+1
8.47494000E+2	-7.85545690E+1
8.47498500E+2	-7.77329231E+1
8.47503000E+2	-7.82136563E+1
8.47507500E+2	-7.86686642E+1
8.47512000E+2	-7.83562095E+1
8.47516500E+2	-7.79705384E+1
8.47521000E+2	-7.75385625E+1
8.47525500E+2	-7.79578903E+1
8.47530000E+2	-7.81349579E+1
8.47534500E+2	-7.74722130E+1
8.47539000E+2	-7.80161021E+1
8.47543500E+2	-7.79936867E+1
8.47548000E+2	-7.73034716E+1
8.47552500E+2	-7.72547431E+1
8.47557000E+2	-7.77943475E+1
8.47561500E+2	-7.80174898E+1
8.47566000E+2	-7.79685228E+1
8.47570500E+2	-7.80635456E+1
8.47575000E+2	-7.85680873E+1
8.47579500E+2	-7.78037678E+1
8.47584000E+2	-7.79187641E+1
8.47588500E+2	-7.87227037E+1
8.47593000E+2	-7.85573966E+1
8.47597500E+2	-7.85343511E+1
8.47602000E+2	-7.82385384E+1
8.47606500E+2	-7.74131082E+1
8.47611000E+2	-7.70979841E+1
8.47615500E+2	-7.74017821E+1
8.47620000E+2	-7.72892916E+1
8.47624500E+2	-7.81253274E+1
8.47629000E+2	-7.82453114E+1
8.47633500E+2	-7.86296612E+1
8.47638000E+2	-7.79067222E+1
8.47642500E+2	-7.76095549E+1
8.47647000E+2	-7.79345082E+1
8.47651500E+2	-7.75645463E+1
8.47656000E+2	-7.80783850E+1
8.47660500E+2	-7.76061713E+1
8.47665000E+2	-7.83982073E+1
8.47669500E+2	-7.75941792E+1
8.47674000E+2	-7.75808543E+1
8.47678500E+2	-7.82722689E+1
8.47683000E+2	-7.79545739E+1
8.47687500E+2	-7.81462907E+1
8.47692000E+2	-7.83295540E+1
8.47696500E+2	-7.77442708E+1
8.47701000E+2	-7.76472893E+1
8.47705500E+2	-7.70206284E+1
8.47710000E+2	-7.75603314E+1
8.47714500E+2	-7.79456167E+1
8.47719000E+2	-7.76394325E+1
8.47723500E+2	-7.80346281E+1
8.47728000E+2	-7.76972188E+1
8.47732500E+2	-7.80560304E+1
8.47737000E+2	-7.79675602E+1
8.47741500E+2	-7.70245764E+1
8.47746000E+2	-7.70814806E+1
8.47750500E+2	-7.73863306E+1
8.47755000E+2	-7.71278558E+1
8.47759500E+2	-7.73241874E+1
8.47764000E+2	-7.82519991E+1
8.47768500E+2	-7.80425716E+1
8.47773000E+2	-7.77711434E+1
8.47777500E+2	-7.70731438E+1
8.47782000E+2	-7.61576545E+1
8.47786500E+2	-7.61128083E+1
8.47791000E+2	-7.63431680E+1
8.47795500E+2	-7.55225423E+1
8.47800000E+2	-7.51775723E+1
8.47804500E+2	-7.59246319E+1
8.47809000E+2	-7.51806036E+1
8.47813500E+2	-7.55778865E+1
8.47818000E+2	-7.51240878E+1
8.47822500E+2	-7.54225157E+1
8.47827000E+2	-7.49006398E+1
8.47831500E+2	-7.40647375E+1
8.47836000E+2	-7.40273369E+1
8.47840500E+2	-7.48235602E+1
8.47845000E+2	-7.49784043E+1
8.47849500E+2	-7.48581774E+1
8.47854000E+2	-7.50554953E+1
8.47858500E+2	-7.49976915E+1
8.47863000E+2	-7.52575165E+1
8.47867500E+2	-7.53830377E+1
8.47872000E+2	-7.55875712E+1
8.47876500E+2	-7.65236029E+1
8.47881000E+2	-7.63138364E+1
8.47885500E+2	-7.73654708E+1
8.47890000E+2	-7.71775005E+1
8.47894500E+2	-7.72152728E+1
8.47899000E+2	-7.67210851E+1
8.47903500E+2	-7.70659947E+1
8.47908000E+2	-7.80164256E+1
8.47912500E+2	-7.69232218E+1
8.47917000E+2	-7.74059791E+1
8.47921500E+2	-7.75922948E+1
8.47926000E+2	-7.72567962E+1
8.47930500E+2	-7.75802742E+1
8.47935000E+2	-7.75962911E+1
8.47939500E+2	-7.78312842E+1
8.47944000E+2	-7.81494496E+1
8.47948500E+2	-7.78000026E+1
8.47953000E+2	-7.76678825E+1
8.47957500E+2	-7.79264539E+1
8.47962000E+2	-7.78487774E+1
8.47966500E+2	-7.77028016E+1
8.47971000E+2	-7.81390513E+1
8.47975500E+2	-7.74013856E+1
8.47980000E+2	-7.71470217E+1
8.47984500E+2	-7.73052925E+1
8.47989000E+2	-7.69743423E+1
8.47993500E+2	-7.72209728E+1
8.47998000E+2	-7.79452650E+1
8.48002500E+2	-7.87506598E+1
8.48007000E+2	-7.77479292E+1
8.48011500E+2	-7.83211383E+1
8.48016000E+2	-7.85083148E+1
8.48020500E+2	-7.85222411E+1
8.48025000E+2	-7.83033218E+1
8.48029500E+2	-7.81433941E+1
8.48034000E+2	-7.77597869E+1
8.48038500E+2	-7.83404436E+1
8.48043000E+2	-7.85401354E+1
8.48047500E+2	-7.81740243E+1
8.48052000E+2	-7.81244749E+1
8.48056500E+2	-7.78836986E+1
8.48061000E+2	-7.77337234E+1
8.48065500E+2	-7.81033587E+1
8.48070000E+2	-7.74192967E+1
8.48074500E+2	-7.72679720E+1
8.48079000E+2	-7.68582793E+1
8.48083500E+2	-7.70623711E+1
8.48088000E+2	-7.68210400E+1
8.48092500E+2	-7.68296748E+1
8.48097000E+2	-7.69558531E+1
8.48101500E+2	-7.68949308E+1
8.48106000E+2	-7.61481908E+1
8.48110500E+2	-7.61101400E+1
8.48115000E+2	-7.59699879E+1
8.48119500E+2	-7.61369542E+1
8.48124000E+2	-7.59815212E+1
8.48128500E+2	-7.49723575E+1
8.48133000E+2	-7.42440764E+1
8.48137500E+2	-7.46506990E+1
8.48142000E+2	-7.40874912E+1
8.48146500E+2	-7.32150130E+1
8.48151000E+2	-7.25816232E+1
8.48155500E+2	-7.25214712E+1
8.48160000E+2	-7.26219141E+1
8.48164500E+2	-7.21889454E+1
8.48169000E+2	-7.18721799E+1
8.48173500E+2	-7.20074390E+1
8.48178000E+2	-7.14532657E+1
8.48182500E+2	-7.10243822E+1
8.48187000E+2	-7.10808997E+1
8.48191500E+2	-7.10429764E+1
8.48196000E+2	-7.10572463E+1
8.48200500E+2	-7.14056285E+1
8.48205000E+2	-7.17319574E+1
8.48209500E+2	-7.17744137E+1
8.48214000E+2	-7.18424749E+1
8.48218500E+2	-7.24151292E+1
8.48223000E+2	-7.29173386E+1
8.48227500E+2	-7.34680437E+1
8.48232000E+2	-7.40115865E+1
8.48236500E+2	-7.42290684E+1
8.48241000E+2	-7.46406908E+1
8.48245500E+2	-7.55965249E+1
8.48250000E+2	-7.66158596E+1
8.48254500E+2	-7.62562887E+1
8.48259000E+2	-7.65877065E+1
8.48263500E+2	-7.71652413E+1
8.48268000E+2	-7.73464056E+1
8.48272500E+2	-7.70133963E+1
8.48277000E+2	-7.68121041E+1
8.48281500E+2	-7.78354876E+1
8.48286000E+2	-7.74194154E+1
8.48290500E+2	-7.79771477E+1
8.48295000E+2	-7.86391883E+1
8.48299500E+2	-7.85585024E+1
8.48304000E+2	-7.85066244E+1
8.48308500E+2	-7.82152572E+1
8.48313000E+2	-7.75700711E+1
8.48317500E+2	-7.84228825E+1
8.48322000E+2	-7.87407209E+1
8.48326500E+2	-7.81907263E+1
8.48331000E+2	-7.83364553E+1
8.48335500E+2	-7.79878669E+1
8.48340000E+2	-7.85175186E+1
8.48344500E+2	-7.83333833E+1
8.48349000E+2	-7.80775359E+1
8.48353500E+2	-7.78756005E+1
8.48358000E+2	-7.79460886E+1
8.48362500E+2	-7.77207301E+1
8.48367000E+2	-7.79617165E+1
8.48371500E+2	-7.73951487E+1
8.48376000E+2	-7.80535883E+1
8.48380500E+2	-7.85676845E+1
8.48385000E+2	-7.80659130E+1
8.48389500E+2	-7.77702826E+1
8.48394000E+2	-7.78768534E+1
8.48398500E+2	-7.82219999E+1
8.48403000E+2	-7.71455840E+1
8.48407500E+2	-7.74836240E+1
8.48412000E+2	-7.88693242E+1
8.48416500E+2	-7.80496890E+1
8.48421000E+2	-7.81112870E+1
8.48425500E+2	-7.75687296E+1
8.48430000E+2	-7.73101641E+1
8.48434500E+2	-7.80154892E+1
8.48439000E+2	-7.86243766E+1
8.48443500E+2	-7.82516576E+1
8.48448000E+2	-7.79586323E+1
8.48452500E+2	-7.75812111E+1
8.48457000E+2	-7.81125866E+1
8.48461500E+2	-7.78752681E+1
8.48466000E+2	-7.82384040E+1
8.48470500E+2	-7.83698805E+1
8.48475000E+2	-7.82590303E+1
8.48479500E+2	-7.83004519E+1
8.48484000E+2	-7.81153088E+1
8.48488500E+2	-7.80996401E+1
8.48493000E+2	-7.74876948E+1
8.48497500E+2	-7.80699533E+1
8.48502000E+2	-7.80667225E+1
8.48506500E+2	-7.81111072E+1
8.48511000E+2	-7.81294787E+1
8.48515500E+2	-7.73071816E+1
8.48520000E+2	-7.82374394E+1
8.48524500E+2	-7.74537836E+1
8.48529000E+2	-7.75658303E+1
8.48533500E+2	-7.76932051E+1
8.48538000E+2	-7.77451264E+1
8.48542500E+2	-7.78718001E+1
8.48547000E+2	-7.86274198E+1
8.48551500E+2	-7.83913527E+1
8.48556000E+2	-7.80922557E+1
8.48560500E+2	-7.78553679E+1
8.48565000E+2	-7.81514866E+1
8.48569500E+2	-7.76817718E+1
8.48574000E+2	-7.79394483E+1
8.48578500E+2	-7.77672456E+1
8.48583000E+2	-7.82124953E+1
8.48587500E+2	-7.81339752E+1
8.48592000E+2	-7.86203309E+1
8.48596500E+2	-7.84091185E+1
8.48601000E+2	-7.84388541E+1
8.48605500E+2	-7.85218553E+1
8.48610000E+2	-7.84725030E+1
8.48614500E+2	-7.77584229E+1
8.48619000E+2	-7.76488769E+1
8.48623500E+2	-7.85823588E+1
8.48628000E+2	-7.84944108E+1
8.48632500E+2	-7.77653329E+1
8.48637000E+2	-7.75161258E+1
8.48641500E+2	-7.71676236E+1
8.48646000E+2	-7.72962796E+1
8.48650500E+2	-7.75181773E+1
8.48655000E+2	-7.83296638E+1
8.48659500E+2	-7.79073061E+1
8.48664000E+2	-7.77059576E+1
8.48668500E+2	-7.76908191E+1
8.48673000E+2	-7.79364329E+1
8.48677500E+2	-7.85829666E+1
8.48682000E+2	-7.78406378E+1
8.48686500E+2	-7.86056612E+1
8.48691000E+2	-7.86655557E+1
8.48695500E+2	-7.79090028E+1
8.48700000E+2	-7.76863773E+1
8.48704500E+2	-7.77697732E+1
8.48709000E+2	-7.72282659E+1
8.48713500E+2	-7.84220630E+1
8.48718000E+2	-7.87977657E+1
8.48722500E+2	-7.85309666E+1
8.48727000E+2	-7.84987339E+1
8.48731500E+2	-7.80274443E+1
8.48736000E+2	-7.86588189E+1
8.48740500E+2	-7.83861430E+1
8.48745000E+2	-7.83457793E+1
8.48749500E+2	-7.85471843E+1
8.48754000E+2	-7.86735771E+1
8.48758500E+2	-7.90637316E+1
8.48763000E+2	-7.81376358E+1
8.48767500E+2	-7.68859970E+1
8.48772000E+2	-7.75847629E+1
8.48776500E+2	-7.78163130E+1
8.48781000E+2	-7.77410975E+1
8.48785500E+2	-7.78380415E+1
8.48790000E+2	-7.75045939E+1
8.48794500E+2	-7.73206997E+1
8.48799000E+2	-7.81607705E+1
8.48803500E+2	-7.84021907E+1
8.48808000E+2	-7.77743656E+1
8.48812500E+2	-7.76429906E+1
8.48817000E+2	-7.75310826E+1
8.48821500E+2	-7.77087246E+1
8.48826000E+2	-7.81336924E+1
8.48830500E+2	-7.69919601E+1
8.48835000E+2	-7.77002863E+1
8.48839500E+2	-7.84484070E+1
8.48844000E+2	-7.86447337E+1
8.48848500E+2	-7.84563792E+1
8.48853000E+2	-7.79112292E+1
8.48857500E+2	-7.79574284E+1
8.48862000E+2	-7.80872079E+1
8.48866500E+2	-7.79812301E+1
8.48871000E+2	-7.79424659E+1
8.48875500E+2	-7.83897783E+1
8.48880000E+2	-7.77876767E+1
8.48884500E+2	-7.84775649E+1
8.48889000E+2	-7.80042262E+1
8.48893500E+2	-7.77242520E+1
8.48898000E+2	-7.81332230E+1
8.48902500E+2	-7.75427692E+1
8.48907000E+2	-7.77135625E+1
8.48911500E+2	-7.82464094E+1
8.48916000E+2	-7.80906244E+1
8.48920500E+2	-7.81741921E+1
8.48925000E+2	-7.78499161E+1
8.48929500E+2	-7.78065708E+1
8.48934000E+2	-7.87422098E+1
8.48938500E+2	-7.86327375E+1
8.48943000E+2	-7.78977610E+1
8.48947500E+2	-7.73971143E+1
8.48952000E+2	-7.71696616E+1
8.48956500E+2	-7.74223348E+1
8.48961000E+2	-7.73625551E+1
8.48965500E+2	-7.79588311E+1
8.48970000E+2	-7.82975748E+1
8.48974500E+2	-7.74698503E+1
8.48979000E+2	-7.75711031E+1
8.48983500E+2	-7.76066799E+1
8.48988000E+2	-7.81036251E+1
8.48992500E+2	-7.81231049E+1
8.48997000E+2	-7.80043535E+1
8.49001500E+2	-7.85045282E+1
8.49006000E+2	-7.82764186E+1
8.49010500E+2	-7.84429313E+1
8.49015000E+2	-7.91423418E+1
8.49019500E+2	-7.84838049E+1
8.49024000E+2	-7.82117740E+1
8.49028500E+2	-7.86155495E+1
8.49033000E+2	-7.87326449E+1
8.49037500E+2	-7.78211774E+1
8.49042000E+2	-7.81085151E+1
8.49046500E+2	-7.83228006E+1
8.49051000E+2	-7.81507489E+1
8.49055500E+2	-7.83823565E+1
8.49060000E+2	-7.80709820E+1
8.49064500E+2	-7.82430266E+1
8.49069000E+2	-7.86096965E+1
8.49073500E+2	-7.80461303E+1
8.49078000E+2	-7.71658105E+1
8.49082500E+2	-7.74696451E+1
8.49087000E+2	-7.83023003E+1
8.49091500E+2	-7.78248008E+1
8.49096000E+2	-7.79014157E+1
8.49100500E+2	-7.77969071E+1
8.49105000E+2	-7.77266378E+1
8.49109500E+2	-7.76321899E+1
8.49114000E+2	-7.82099993E+1
8.49118500E+2	-7.87192560E+1
8.49123000E+2	-7.77966589E+1
8.49127500E+2	-7.82966152E+1
8.49132000E+2	-7.80346053E+1
8.49136500E+2	-7.72330257E+1
8.49141000E+2	-7.84921210E+1
8.49145500E+2	-7.83271391E+1
8.49150000E+2	-7.80558786E+1
8.49154500E+2	-7.77274396E+1
8.49159000E+2	-7.80533193E+1
8.49163500E+2	-7.78619355E+1
8.49168000E+2	-7.74064846E+1
8.49172500E+2	-7.74725234E+1
8.49177000E+2	-7.69876094E+1
8.49181500E+2	-7.63344706E+1
8.49186000E+2	-7.52667574E+1
8.49190500E+2	-7.44279134E+1
8.49195000E+2	-7.37210319E+1
8.49199500E+2	-7.25401568E+1
8.49204000E+2	-7.13255624E+1
8.49208500E+2	-6.99697454E+1
8.49213000E+2	-6.96325178E+1
8.49217500E+2	-6.87930701E+1
8.49222000E+2	-6.83288123E+1
8.49226500E+2	-6.74180484E+1
8.49231000E+2	-6.61759471E+1
8.49235500E+2	-6.33003758E+1
8.49240000E+2	-5.94134336E+1
8.49244500E+2	-5.33615058E+1
8.49249000E+2	-5.01711852E+1
8.49253500E+2	-4.78375195E+1
8.49258000E+2	-4.63835106E+1
8.49262500E+2	-4.51182348E+1
8.49267000E+2	-4.42420871E+1
8.49271500E+2	-4.35869953E+1
8.49276000E+2	-4.29388718E+1
8.49280500E+2	-4.23708430E+1
8.49285000E+2	-4.15480952E+1
8.49289500E+2	-4.10384402E+1
8.49294000E+2	-4.04204036E+1
8.49298500E+2	-3.98127252E+1
8.49303000E+2	-3.92893134E+1
8.49307500E+2	-3.87227675E+1
8.49312000E+2	-3.82961194E+1
8.49316500E+2	-3.80086135E+1
8.49321000E+2	-3.76666953E+1
8.49325500E+2	-3.75555942E+1
8.49330000E+2	-3.75131987E+1
8.49334500E+2	-3.75414386E+1
8.49339000E+2	-3.76522932E+1
8.49343500E+2	-3.79509712E+1
8.49348000E+2	-3.87861662E+1
8.49352500E+2	-3.92021985E+1
8.49357000E+2	-4.06188541E+1
8.49361500E+2	-4.17484668E+1
8.49366000E+2	-4.30618623E+1
8.49370500E+2	-4.43407858E+1
8.49375000E+2	-4.58066748E+1
8.49379500E+2	-4.78043121E+1
8.49384000E+2	-5.04469028E+1
8.49388500E+2	-5.67235692E+1
8.49393000E+2	-5.85031630E+1
8.49397500E+2	-6.26065547E+1
8.49402000E+2	-6.40346928E+1
8.49406500E+2	-6.49556516E+1
8.49411000E+2	-6.56716402E+1
8.49415500E+2	-6.64276768E+1
8.49420000E+2	-6.69730964E+1
8.49424500E+2	-6.80385276E+1
8.49429000E+2	-6.84468921E+1
8.49433500E+2	-6.91288645E+1
8.49438000E+2	-7.00865114E+1
8.49442500E+2	-7.11121130E+1
8.49447000E+2	-7.18897956E+1
8.49451500E+2	-7.30852793E+1
8.49456000E+2	-7.38159484E+1
8.49460500E+2	-7.50909835E+1
8.49465000E+2	-7.63616213E+1
8.49469500E+2	-7.70023998E+1
8.49474000E+2	-7.68984020E+1
8.49478500E+2	-7.72512845E+1
8.49483000E+2	-7.74119574E+1
8.49487500E+2	-7.74907762E+1
8.49492000E+2	-7.75510876E+1
8.49496500E+2	-7.85842892E+1
8.49501000E+2	-7.80808814E+1
8.49505500E+2	-7.79008630E+1
8.49510000E+2	-7.75878394E+1
8.49514500E+2	-7.73507027E+1
8.49519000E+2	-7.74652713E+1
8.49523500E+2	-7.74592516E+1
8.49528000E+2	-7.80094333E+1
8.49532500E+2	-7.81247513E+1
8.49537000E+2	-7.76615677E+1
8.49541500E+2	-7.82829734E+1
8.49546000E+2	-7.75564753E+1
8.49550500E+2	-7.79211787E+1
8.49555000E+2	-7.88442549E+1
8.49559500E+2	-7.87011879E+1
8.49564000E+2	-7.76415925E+1
8.49568500E+2	-7.80015274E+1
8.49573000E+2	-7.80266791E+1
8.49577500E+2	-7.76553796E+1
8.49582000E+2	-7.77355637E+1
8.49586500E+2	-7.81987981E+1
8.49591000E+2	-7.77841595E+1
8.49595500E+2	-7.75910622E+1
8.49600000E+2	-7.81916156E+1
8.49604500E+2	-7.85746137E+1
8.49609000E+2	-7.78062977E+1
8.49613500E+2	-7.80351781E+1
8.49618000E+2	-7.81840024E+1
8.49622500E+2	-7.77385812E+1
8.49627000E+2	-7.80909275E+1
8.49631500E+2	-7.81449050E+1
8.49636000E+2	-7.84650519E+1
8.49640500E+2	-7.75831985E+1
8.49645000E+2	-7.77981051E+1
8.49649500E+2	-7.78928129E+1
8.49654000E+2	-7.89729797E+1
8.49658500E+2	-7.84308016E+1
8.49663000E+2	-7.83407035E+1
8.49667500E+2	-7.83179007E+1
8.49672000E+2	-7.84906204E+1
8.49676500E+2	-7.85208289E+1
8.49681000E+2	-7.85938015E+1
8.49685500E+2	-7.81369997E+1
8.49690000E+2	-7.74833128E+1
8.49694500E+2	-7.73127334E+1
8.49699000E+2	-7.84083140E+1
8.49703500E+2	-7.83829832E+1
8.49708000E+2	-7.78750758E+1
8.49712500E+2	-7.78624777E+1
8.49717000E+2	-7.80933185E+1
8.49721500E+2	-7.77812687E+1
8.49726000E+2	-7.78469867E+1
8.49730500E+2	-7.84327720E+1
8.49735000E+2	-7.73486558E+1
8.49739500E+2	-7.79296266E+1
8.49744000E+2	-7.83576489E+1
8.49748500E+2	-7.82027330E+1
8.49753000E+2	-7.85678907E+1
8.49757500E+2	-7.88780946E+1
8.49762000E+2	-7.78152834E+1
8.49766500E+2	-7.81354274E+1
8.49771000E+2	-7.79148924E+1
8.49775500E+2	-7.85219892E+1
8.49780000E+2	-7.82247232E+1
8.49784500E+2	-7.76782395E+1
8.49789000E+2	-7.71393442E+1
8.49793500E+2	-7.77473584E+1
8.49798000E+2	-7.81013876E+1
8.49802500E+2	-7.74851329E+1
8.49807000E+2	-7.70996588E+1
8.49811500E+2	-7.77357712E+1
8.49816000E+2	-7.78306615E+1
8.49820500E+2	-7.76403458E+1
8.49825000E+2	-7.78221216E+1
8.49829500E+2	-7.72189531E+1
8.49834000E+2	-7.83660127E+1
8.49838500E+2	-7.76944776E+1
8.49843000E+2	-7.80033066E+1
8.49847500E+2	-7.74783159E+1
8.49852000E+2	-7.84283579E+1
8.49856500E+2	-7.81315064E+1
8.49861000E+2	-7.80033943E+1
8.49865500E+2	-7.83269166E+1
8.49870000E+2	-7.83597460E+1
8.49874500E+2	-7.83662372E+1
8.49879000E+2	-7.90358958E+1
8.49883500E+2	-7.82949477E+1
8.49888000E+2	-7.80643059E+1
8.49892500E+2	-7.83830234E+1
8.49897000E+2	-7.84366403E+1
8.49901500E+2	-7.79771224E+1
8.49906000E+2	-7.83130306E+1
8.49910500E+2	-7.86709864E+1
8.49915000E+2	-7.81749926E+1
8.49919500E+2	-7.83306673E+1
8.49924000E+2	-7.87367732E+1
8.49928500E+2	-7.84001567E+1
8.49933000E+2	-7.74962633E+1
8.49937500E+2	-7.86484903E+1
8.49942000E+2	-7.83241620E+1
8.49946500E+2	-7.76979677E+1
8.49951000E+2	-7.85099581E+1
8.49955500E+2	-7.84179151E+1
8.49960000E+2	-7.87739158E+1
8.49964500E+2	-7.68422662E+1
8.49969000E+2	-7.72412220E+1
8.49973500E+2	-7.82057910E+1
8.49978000E+2	-7.83123561E+1
8.49982500E+2	-7.69467621E+1
8.49987000E+2	-7.77505416E+1
8.49991500E+2	-7.83845922E+1
8.49996000E+2	-7.74776190E+1
8.50000500E+2	-7.73367538E+1
8.50005000E+2	-7.79932661E+1
8.50009500E+2	-7.77059312E+1
8.50014000E+2	-7.75624703E+1
8.50018500E+2	-7.82690224E+1
8.50023000E+2	-7.81840939E+1
8.50027500E+2	-7.82232051E+1
8.50032000E+2	-7.78129079E+1
8.50036500E+2	-7.82782598E+1
8.50041000E+2	-7.85277348E+1
8.50045500E+2	-7.86112517E+1
8.50050000E+2	-7.83924263E+1
8.50054500E+2	-7.83918353E+1
8.50059000E+2	-7.82016816E+1
8.50063500E+2	-7.84647215E+1
8.50068000E+2	-7.74647364E+1
8.50072500E+2	-7.81090369E+1
8.50077000E+2	-7.76072352E+1
8.50081500E+2	-7.80361016E+1
8.50086000E+2	-7.80005575E+1
8.50090500E+2	-7.85096815E+1
8.50095000E+2	-7.86067956E+1
8.50099500E+2	-7.84134943E+1
8.50104000E+2	-7.86816762E+1
8.50108500E+2	-7.71802359E+1
8.50113000E+2	-7.74356729E+1
8.50117500E+2	-7.82700000E+1
8.50122000E+2	-7.78805456E+1
8.50126500E+2	-7.74576319E+1
8.50131000E+2	-7.78919166E+1
8.50135500E+2	-7.81978512E+1
8.50140000E+2	-7.79482475E+1
8.50144500E+2	-7.89363994E+1
8.50149000E+2	-7.88938130E+1
8.50153500E+2	-7.82393956E+1
8.50158000E+2	-7.83675938E+1
8.50162500E+2	-7.86261853E+1
8.50167000E+2	-7.81144583E+1
8.50171500E+2	-7.84004295E+1
8.50176000E+2	-7.85912417E+1
8.50180500E+2	-7.83094286E+1
8.50185000E+2	-7.85121969E+1
8.50189500E+2	-7.83895278E+1
8.50194000E+2	-7.83887888E+1
8.50198500E+2	-7.78392101E+1
8.50203000E+2	-7.82609512E+1
8.50207500E+2	-7.89381113E+1
8.50212000E+2	-7.84688388E+1
8.50216500E+2	-7.78155435E+1
8.50221000E+2	-7.81296855E+1
8.50225500E+2	-7.77923959E+1
8.50230000E+2	-7.84373844E+1
8.50234500E+2	-7.79273490E+1
8.50239000E+2	-7.80193892E+1
8.50243500E+2	-7.69325444E+1
8.50248000E+2	-7.75339359E+1
8.50252500E+2	-7.76775833E+1
8.50257000E+2	-7.85676716E+1
8.50261500E+2	-7.80061594E+1
8.50266000E+2	-7.85512554E+1
8.50270500E+2	-7.83639002E+1
8.50275000E+2	-7.84605137E+1
8.50279500E+2	-7.82413109E+1
8.50284000E+2	-7.79677314E+1
8.50288500E+2	-7.83339603E+1
8.50293000E+2	-7.82987254E+1
8.50297500E+2	-7.81798900E+1
8.50302000E+2	-7.82272843E+1
8.50306500E+2	-7.79049158E+1
8.50311000E+2	-7.83433951E+1
8.50315500E+2	-7.83582260E+1
8.50320000E+2	-7.75487173E+1
8.50324500E+2	-7.85430945E+1
8.50329000E+2	-7.82227766E+1
8.50333500E+2	-7.90645732E+1
8.50338000E+2	-7.80339556E+1
8.50342500E+2	-7.80217325E+1
8.50347000E+2	-7.82156998E+1
8.50351500E+2	-7.77999459E+1
8.50356000E+2	-7.82311825E+1
8.50360500E+2	-7.80927928E+1
8.50365000E+2	-7.81391535E+1
8.50369500E+2	-7.83388815E+1
8.50374000E+2	-7.82261227E+1
8.50378500E+2	-7.83813440E+1
8.50383000E+2	-7.76347362E+1
8.50387500E+2	-7.86327441E+1
8.50392000E+2	-7.79616492E+1
8.50396500E+2	-7.78416490E+1
8.50401000E+2	-7.79040308E+1
8.50405500E+2	-7.76860249E+1
8.50410000E+2	-7.83291575E+1
8.50414500E+2	-7.85354255E+1
8.50419000E+2	-7.89466071E+1
8.50423500E+2	-7.89696668E+1
8.50428000E+2	-7.83577287E+1
8.50432500E+2	-7.76669817E+1
8.50437000E+2	-7.83401287E+1
8.50441500E+2	-7.76020834E+1
8.50446000E+2	-7.77752191E+1
8.50450500E+2	-7.74434055E+1
8.50455000E+2	-7.84355026E+1
8.50459500E+2	-7.77925764E+1
8.50464000E+2	-7.77517776E+1
8.50468500E+2	-7.81344184E+1
8.50473000E+2	-7.78276446E+1
8.50477500E+2	-7.76539592E+1
8.50482000E+2	-7.80220224E+1
8.50486500E+2	-7.80771733E+1
8.50491000E+2	-7.86008342E+1
8.50495500E+2	-7.82642127E+1
8.50500000E+2	-7.86336566E+1
