8.46000000E+2	-7.84216866E+1
8.46004500E+2	-7.72396456E+1
8.46009000E+2	-7.75110287E+1
8.46013500E+2	-7.72339973E+1
8.46018000E+2	-7.76950814E+1
8.46022500E+2	-7.87763870E+1
8.46027000E+2	-7.84673879E+1
8.46031500E+2	-7.81446467E+1
8.46036000E+2	-7.81115038E+1
8.46040500E+2	-7.84505722E+1
8.46045000E+2	-7.79596513E+1
8.46049500E+2	-7.69598061E+1
8.46054000E+2	-7.78986920E+1
8.46058500E+2	-7.70769662E+1
8.46063000E+2	-7.84901564E+1
8.46067500E+2	-7.86510752E+1
8.46072000E+2	-7.77489506E+1
8.46076500E+2	-7.76763368E+1
8.46081000E+2	-7.82225557E+1
8.46085500E+2	-7.84331458E+1
8.46090000E+2	-7.81270888E+1
8.46094500E+2	-7.85824129E+1
8.46099000E+2	-7.81093982E+1
8.46103500E+2	-7.83490821E+1
8.46108000E+2	-7.81137418E+1
8.46112500E+2	-7.77083312E+1
8.46117000E+2	-7.86162589E+1
8.46121500E+2	-7.82410564E+1
8.46126000E+2	-7.79628004E+1
8.46130500E+2	-7.76749555E+1
8.46135000E+2	-7.80361524E+1
8.46139500E+2	-7.80236190E+1
8.46144000E+2	-7.85819231E+1
8.46148500E+2	-7.84947488E+1
8.46153000E+2	-7.85435602E+1
8.46157500E+2	-7.88668940E+1
8.46162000E+2	-7.81257165E+1
8.46166500E+2	-7.77251310E+1
8.46171000E+2	-7.81973415E+1
8.46175500E+2	-7.82405275E+1
8.46180000E+2	-7.79482982E+1
8.46184500E+2	-7.80993690E+1
8.46189000E+2	-7.72137779E+1
8.46193500E+2	-7.74449074E+1
8.46198000E+2	-7.86178864E+1
8.46202500E+2	-7.80207730E+1
8.46207000E+2	-7.82133222E+1
8.46211500E+2	-7.85798544E+1
8.46216000E+2	-7.88044354E+1
8.46220500E+2	-7.84870441E+1
8.46225000E+2	-7.79262515E+1
8.46229500E+2	-7.75766167E+1
8.46234000E+2	-7.83281118E+1
8.46238500E+2	-7.82178279E+1
8.46243000E+2	-7.71892482E+1
8.46247500E+2	-7.80600417E+1
8.46252000E+2	-7.68266849E+1
8.46256500E+2	-7.79854804E+1
8.46261000E+2	-7.71418140E+1
8.46265500E+2	-7.74025004E+1
8.46270000E+2	-7.71766182E+1
8.46274500E+2	-7.79235963E+1
8.46279000E+2	-7.79993582E+1
8.46283500E+2	-7.76710039E+1
8.46288000E+2	-7.81848934E+1
8.46292500E+2	-7.75715379E+1
8.46297000E+2	-7.75618712E+1
8.46301500E+2	-7.78058739E+1
8.46306000E+2	-7.72297987E+1
8.46310500E+2	-7.79224374E+1
8.46315000E+2	-7.75239471E+1
8.46319500E+2	-7.79652243E+1
8.46324000E+2	-7.78120362E+1
8.46328500E+2	-7.72698268E+1
8.46333000E+2	-7.81514385E+1
8.46337500E+2	-7.78750433E+1
8.46342000E+2	-7.81976446E+1
8.46346500E+2	-7.73148134E+1
8.46351000E+2	-7.78810262E+1
8.46355500E+2	-7.74890108E+1
8.46360000E+2	-7.80757719E+1
8.46364500E+2	-7.75550593E+1
8.46369000E+2	-7.70614953E+1
8.46373500E+2	-7.77298230E+1
8.46378000E+2	-7.78494308E+1
8.46382500E+2	-7.84138525E+1
8.46387000E+2	-7.85893466E+1
8.46391500E+2	-7.78691635E+1
8.46396000E+2	-7.85697351E+1
8.46400500E+2	-7.92560470E+1
8.46405000E+2	-7.86007387E+1
8.46409500E+2	-7.81822438E+1
8.46414000E+2	-7.85051035E+1
8.46418500E+2	-7.77702221E+1
8.46423000E+2	-7.82584165E+1
8.46427500E+2	-7.78118879E+1
8.46432000E+2	-7.82739206E+1
8.46436500E+2	-7.81121865E+1
8.46441000E+2	-7.81010799E+1
8.46445500E+2	-7.78201252E+1
8.46450000E+2	-7.80884779E+1
8.46454500E+2	-7.83359092E+1
8.46459000E+2	-7.79763909E+1
8.46463500E+2	-7.78337915E+1
8.46468000E+2	-7.76997050E+1
8.46472500E+2	-7.83190710E+1
8.46477000E+2	-7.79022417E+1
8.46481500E+2	-7.76302639E+1
8.46486000E+2	-7.78728318E+1
8.46490500E+2	-7.81685866E+1
8.46495000E+2	-7.80989564E+1
8.46499500E+2	-7.81035320E+1
8.46504000E+2	-7.83136336E+1
8.46508500E+2	-7.84245818E+1
8.46513000E+2	-7.81256511E+1
8.46517500E+2	-7.74448311E+1
8.46522000E+2	-7.87226421E+1
8.46526500E+2	-7.85154046E+1
8.46531000E+2	-7.78366405E+1
8.46535500E+2	-7.70776740E+1
8.46540000E+2	-7.79522761E+1
8.46544500E+2	-7.77918094E+1
8.46549000E+2	-7.77783055E+1
8.46553500E+2	-7.81453397E+1
8.46558000E+2	-7.85001225E+1
8.46562500E+2	-7.83321705E+1
8.46567000E+2	-7.84595474E+1
8.46571500E+2	-7.72590241E+1
8.46576000E+2	-7.72672996E+1
8.46580500E+2	-7.77372577E+1
8.46585000E+2	-7.74198589E+1
8.46589500E+2	-7.74249244E+1
8.46594000E+2	-7.84819332E+1
8.46598500E+2	-7.82360794E+1
8.46603000E+2	-7.80598938E+1
8.46607500E+2	-7.74328932E+1
8.46612000E+2	-7.87147793E+1
8.46616500E+2	-7.81666474E+1
8.46621000E+2	-7.85731993E+1
8.46625500E+2	-7.81073023E+1
8.46630000E+2	-7.76574788E+1
8.46634500E+2	-7.77056942E+1
8.46639000E+2	-7.78322906E+1
8.46643500E+2	-7.80667428E+1
8.46648000E+2	-7.78228735E+1
8.46652500E+2	-7.83179894E+1
8.46657000E+2	-7.71538200E+1
8.46661500E+2	-7.77007285E+1
8.46666000E+2	-7.80200528E+1
8.46670500E+2	-7.69331730E+1
8.46675000E+2	-7.68324952E+1
8.46679500E+2	-7.75589276E+1
8.46684000E+2	-7.76719784E+1
8.46688500E+2	-7.68680572E+1
8.46693000E+2	-7.71219080E+1
8.46697500E+2	-7.67739905E+1
8.46702000E+2	-7.58592043E+1
8.46706500E+2	-7.63164531E+1
8.46711000E+2	-7.69189043E+1
8.46715500E+2	-7.62032374E+1
8.46720000E+2	-7.65077421E+1
8.46724500E+2	-7.69500860E+1
8.46729000E+2	-7.65820349E+1
8.46733500E+2	-7.68427472E+1
8.46738000E+2	-7.66873143E+1
8.46742500E+2	-7.65568462E+1
8.46747000E+2	-7.73010964E+1
8.46751500E+2	-7.72403615E+1
8.46756000E+2	-7.71954257E+1
8.46760500E+2	-7.78012290E+1
8.46765000E+2	-7.69566838E+1
8.46769500E+2	-7.68930054E+1
8.46774000E+2	-7.68156922E+1
8.46778500E+2	-7.78637216E+1
8.46783000E+2	-7.72473374E+1
8.46787500E+2	-7.78321050E+1
8.46792000E+2	-7.76950212E+1
8.46796500E+2	-7.77568160E+1
8.46801000E+2	-7.72108930E+1
8.46805500E+2	-7.72573840E+1
8.46810000E+2	-7.75386588E+1
8.46814500E+2	-7.75038004E+1
8.46819000E+2	-7.73686171E+1
8.46823500E+2	-7.76558089E+1
8.46828000E+2	-7.78391002E+1
8.46832500E+2	-7.78061825E+1
8.46837000E+2	-7.84195856E+1
8.46841500E+2	-7.83088436E+1
8.46846000E+2	-7.77946212E+1
8.46850500E+2	-7.78057303E+1
8.46855000E+2	-7.80858189E+1
8.46859500E+2	-7.84647430E+1
8.46864000E+2	-7.81651004E+1
8.46868500E+2	-7.80350904E+1
8.46873000E+2	-7.83496439E+1
8.46877500E+2	-7.87697885E+1
8.46882000E+2	-7.85439094E+1
8.46886500E+2	-7.86810724E+1
8.46891000E+2	-7.74287771E+1
8.46895500E+2	-7.78425400E+1
8.46900000E+2	-7.82835123E+1
8.46904500E+2	-7.83912431E+1
8.46909000E+2	-7.79814318E+1
8.46913500E+2	-7.82673118E+1
8.46918000E+2	-7.88913769E+1
8.46922500E+2	-7.84737698E+1
8.46927000E+2	-7.83209750E+1
8.46931500E+2	-7.85945247E+1
8.46936000E+2	-7.89571832E+1
8.46940500E+2	-7.85408823E+1
8.46945000E+2	-7.78602533E+1
8.46949500E+2	-7.78250312E+1
8.46954000E+2	-7.81135178E+1
8.46958500E+2	-7.80214747E+1
8.46963000E+2	-7.76642386E+1
8.46967500E+2	-7.81273688E+1
8.46972000E+2	-7.79327230E+1
8.46976500E+2	-7.76140516E+1
8.46981000E+2	-7.79386261E+1
8.46985500E+2	-7.87242323E+1
8.46990000E+2	-7.83049235E+1
8.46994500E+2	-7.75835870E+1
8.46999000E+2	-7.78666779E+1
8.47003500E+2	-7.81397541E+1
8.47008000E+2	-7.76220191E+1
8.47012500E+2	-7.70334285E+1
8.47017000E+2	-7.73953085E+1
8.47021500E+2	-7.84923159E+1
8.47026000E+2	-7.84574777E+1
8.47030500E+2	-7.78890560E+1
8.47035000E+2	-7.69577178E+1
8.47039500E+2	-7.89066801E+1
8.47044000E+2	-7.77174579E+1
8.47048500E+2	-7.80263107E+1
8.47053000E+2	-7.83118141E+1
8.47057500E+2	-7.89112311E+1
8.47062000E+2	-7.80162633E+1
8.47066500E+2	-7.73209583E+1
8.47071000E+2	-7.78965958E+1
8.47075500E+2	-7.82703971E+1
8.47080000E+2	-7.77018824E+1
8.47084500E+2	-7.76405181E+1
8.47089000E+2	-7.83754797E+1
8.47093500E+2	-7.84751708E+1
8.47098000E+2	-7.78220771E+1
8.47102500E+2	-7.79365684E+1
8.47107000E+2	-7.81465258E+1
8.47111500E+2	-7.81914802E+1
8.47116000E+2	-7.76213122E+1
8.47120500E+2	-7.78015921E+1
8.47125000E+2	-7.78600512E+1
8.47129500E+2	-7.85246228E+1
8.47134000E+2	-7.87944301E+1
8.47138500E+2	-7.81472079E+1
8.47143000E+2	-7.83283487E+1
8.47147500E+2	-7.87835821E+1
8.47152000E+2	-7.86994433E+1
8.47156500E+2	-7.78578287E+1
8.47161000E+2	-7.86468233E+1
8.47165500E+2	-7.82101032E+1
8.47170000E+2	-7.80968414E+1
8.47174500E+2	-7.79632291E+1
8.47179000E+2	-7.77543383E+1
8.47183500E+2	-7.82140883E+1
8.47188000E+2	-7.86171594E+1
8.47192500E+2	-7.87059885E+1
8.47197000E+2	-7.87733205E+1
8.47201500E+2	-7.84841860E+1
8.47206000E+2	-7.76214222E+1
8.47210500E+2	-7.74197795E+1
8.47215000E+2	-7.80470260E+1
8.47219500E+2	-7.76591921E+1
8.47224000E+2	-7.74719589E+1
8.47228500E+2	-7.75654320E+1
8.47233000E+2	-7.81363728E+1
8.47237500E+2	-7.84581223E+1
8.47242000E+2	-7.76798081E+1
8.47246500E+2	-7.82913987E+1
8.47251000E+2	-7.71194512E+1
8.47255500E+2	-7.83207887E+1
8.47260000E+2	-7.76547711E+1
8.47264500E+2	-7.75765260E+1
8.47269000E+2	-7.80867833E+1
8.47273500E+2	-7.81945385E+1
8.47278000E+2	-7.83930576E+1
8.47282500E+2	-7.72304953E+1
8.47287000E+2	-7.75393975E+1
8.47291500E+2	-7.73205228E+1
8.47296000E+2	-7.79135525E+1
8.47300500E+2	-7.80505322E+1
8.47305000E+2	-7.73020107E+1
8.47309500E+2	-7.80680813E+1
8.47314000E+2	-7.76457728E+1
8.47318500E+2	-7.73465050E+1
8.47323000E+2	-7.76689433E+1
8.47327500E+2	-7.80533743E+1
8.47332000E+2	-7.79960898E+1
8.47336500E+2	-7.75001225E+1
8.47341000E+2	-7.75295978E+1
8.47345500E+2	-7.81138901E+1
8.47350000E+2	-7.74114951E+1
8.47354500E+2	-7.75039772E+1
8.47359000E+2	-7.80529988E+1
8.47363500E+2	-7.79570700E+1
8.47368000E+2	-7.82567521E+1
8.47372500E+2	-7.74572436E+1
8.47377000E+2	-7.79040068E+1
8.47381500E+2	-7.78266921E+1
8.47386000E+2	-7.77874873E+1
8.47390500E+2	-7.75672217E+1
8.47395000E+2	-7.81030286E+1
8.47399500E+2	-7.80622951E+1
8.47404000E+2	-7.83251105E+1
8.47408500E+2	-7.88737813E+1
8.47413000E+2	-7.83028951E+1
8.47417500E+2	-7.83894300E+1
8.47422000E+2	-7.82898644E+1
8.47426500E+2	-7.85912787E+1
8.47431000E+2	-7.79618942E+1
8.47435500E+2	-7.80731215E+1
8.47440000E+2	-7.83601035E+1
8.47444500E+2	-7.76620595E+1
8.47449000E+2	-7.76594259E+1
8.47453500E+2	-7.76609423E+1
8.47458000E+2	-7.83151110E+1
8.47462500E+2	-7.78313286E+1
8.47467000E+2	-7.75129739E+1
8.47471500E+2	-7.76491271E+1
8.47476000E+2	-7.81634246E+1
8.47480500E+2	-7.89263261E+1
8.47485000E+2	-7.78835370E+1
8.47489500E+2	-7.79222520E+1
8.47494000E+2	-7.82987814E+1
8.47498500E+2	-7.82301289E+1
8.47503000E+2	-7.81416307E+1
8.47507500E+2	-7.81137668E+1
8.47512000E+2	-7.75829355E+1
8.47516500E+2	-7.74816633E+1
8.47521000E+2	-7.73708918E+1
8.47525500E+2	-7.72527270E+1
8.47530000E+2	-7.78882053E+1
8.47534500E+2	-7.79136669E+1
8.47539000E+2	-7.77299978E+1
8.47543500E+2	-7.83226284E+1
8.47548000E+2	-7.80213205E+1
8.47552500E+2	-7.75482482E+1
8.47557000E+2	-7.79210157E+1
8.47561500E+2	-7.80566245E+1
8.47566000E+2	-7.79526797E+1
8.47570500E+2	-7.76604771E+1
8.47575000E+2	-7.77879280E+1
8.47579500E+2	-7.77277112E+1
8.47584000E+2	-7.75507922E+1
8.47588500E+2	-7.72926596E+1
8.47593000E+2	-7.63075264E+1
8.47597500E+2	-7.66850983E+1
8.47602000E+2	-7.62436591E+1
8.47606500E+2	-7.53161094E+1
8.47611000E+2	-7.54597087E+1
8.47615500E+2	-7.60487767E+1
8.47620000E+2	-7.56437637E+1
8.47624500E+2	-7.56070920E+1
8.47629000E+2	-7.50415695E+1
8.47633500E+2	-7.53081104E+1
8.47638000E+2	-7.53111291E+1
8.47642500E+2	-7.54487715E+1
8.47647000E+2	-7.51258194E+1
8.47651500E+2	-7.54296566E+1
8.47656000E+2	-7.49836491E+1
8.47660500E+2	-7.49983839E+1
8.47665000E+2	-7.54921550E+1
8.47669500E+2	-7.52766037E+1
8.47674000E+2	-7.53384108E+1
8.47678500E+2	-7.54583000E+1
8.47683000E+2	-7.61959290E+1
8.47687500E+2	-7.58155448E+1
8.47692000E+2	-7.60628570E+1
8.47696500E+2	-7.56323430E+1
8.47701000E+2	-7.52760186E+1
8.47705500E+2	-7.56793123E+1
8.47710000E+2	-7.69772419E+1
8.47714500E+2	-7.68892339E+1
8.47719000E+2	-7.69767436E+1
8.47723500E+2	-7.70131987E+1
8.47728000E+2	-7.69833283E+1
8.47732500E+2	-7.71798898E+1
8.47737000E+2	-7.79936052E+1
8.47741500E+2	-7.76074274E+1
8.47746000E+2	-7.73108104E+1
8.47750500E+2	-7.78627629E+1
8.47755000E+2	-7.77204339E+1
8.47759500E+2	-7.76585228E+1
8.47764000E+2	-7.76349077E+1
8.47768500E+2	-7.80928185E+1
8.47773000E+2	-7.74868263E+1
8.47777500E+2	-7.78244435E+1
8.47782000E+2	-7.83724738E+1
8.47786500E+2	-7.78261512E+1
8.47791000E+2	-7.83432675E+1
8.47795500E+2	-7.73365442E+1
8.47800000E+2	-7.76642531E+1
8.47804500E+2	-7.85295061E+1
8.47809000E+2	-7.85719444E+1
8.47813500E+2	-7.85109650E+1
8.47818000E+2	-7.85621663E+1
8.47822500E+2	-7.72451062E+1
8.47827000E+2	-7.77040895E+1
8.47831500E+2	-7.78530890E+1
8.47836000E+2	-7.77525154E+1
8.47840500E+2	-7.81129762E+1
8.47845000E+2	-7.76101479E+1
8.47849500E+2	-7.84263498E+1
8.47854000E+2	-7.79555228E+1
8.47858500E+2	-7.73390129E+1
8.47863000E+2	-7.83356265E+1
8.47867500E+2	-7.79145637E+1
8.47872000E+2	-7.78517212E+1
8.47876500E+2	-7.74925418E+1
8.47881000E+2	-7.81329013E+1
8.47885500E+2	-7.71132609E+1
8.47890000E+2	-7.77376538E+1
8.47894500E+2	-7.71945722E+1
8.47899000E+2	-7.77431155E+1
8.47903500E+2	-7.84469728E+1
8.47908000E+2	-7.78003152E+1
8.47912500E+2	-7.77210261E+1
8.47917000E+2	-7.71132030E+1
8.47921500E+2	-7.71987054E+1
8.47926000E+2	-7.68081753E+1
8.47930500E+2	-7.72188236E+1
8.47935000E+2	-7.72575079E+1
8.47939500E+2	-7.72682786E+1
8.47944000E+2	-7.76343504E+1
8.47948500E+2	-7.64402832E+1
8.47953000E+2	-7.54710287E+1
8.47957500E+2	-7.62771136E+1
8.47962000E+2	-7.63767157E+1
8.47966500E+2	-7.54718729E+1
8.47971000E+2	-7.49932858E+1
8.47975500E+2	-7.40846947E+1
8.47980000E+2	-7.43444714E+1
8.47984500E+2	-7.38857462E+1
8.47989000E+2	-7.38234509E+1
8.47993500E+2	-7.33165503E+1
8.47998000E+2	-7.30430318E+1
8.48002500E+2	-7.28501894E+1
8.48007000E+2	-7.25700115E+1
8.48011500E+2	-7.25890213E+1
8.48016000E+2	-7.23484765E+1
8.48020500E+2	-7.22259939E+1
8.48025000E+2	-7.23838206E+1
8.48029500E+2	-7.29099852E+1
8.48034000E+2	-7.30655560E+1
8.48038500E+2	-7.37414604E+1
8.48043000E+2	-7.41582393E+1
8.48047500E+2	-7.40020404E+1
8.48052000E+2	-7.43569644E+1
8.48056500E+2	-7.46770446E+1
8.48061000E+2	-7.58180614E+1
8.48065500E+2	-7.56614685E+1
8.48070000E+2	-7.61717432E+1
8.48074500E+2	-7.61282057E+1
8.48079000E+2	-7.73638978E+1
8.48083500E+2	-7.74534884E+1
8.48088000E+2	-7.68103609E+1
8.48092500E+2	-7.80921424E+1
8.48097000E+2	-7.80788022E+1
8.48101500E+2	-7.82888278E+1
8.48106000E+2	-7.73517711E+1
8.48110500E+2	-7.69590479E+1
8.48115000E+2	-7.78886611E+1
8.48119500E+2	-7.75685271E+1
8.48124000E+2	-7.75171244E+1
8.48128500E+2	-7.69921582E+1
8.48133000E+2	-7.81576702E+1
8.48137500E+2	-7.77382943E+1
8.48142000E+2	-7.71286113E+1
8.48146500E+2	-7.75899129E+1
8.48151000E+2	-7.82323978E+1
8.48155500E+2	-7.80718930E+1
8.48160000E+2	-7.78859936E+1
8.48164500E+2	-7.76770245E+1
8.48169000E+2	-7.70008476E+1
8.48173500E+2	-7.73908334E+1
8.48178000E+2	-7.78756431E+1
8.48182500E+2	-7.75549073E+1
8.48187000E+2	-7.73591778E+1
8.48191500E+2	-7.81631843E+1
8.48196000E+2	-7.74716587E+1
8.48200500E+2	-7.81759495E+1
8.48205000E+2	-7.75499530E+1
8.48209500E+2	-7.78082602E+1
8.48214000E+2	-7.75560910E+1
8.48218500E+2	-7.75677241E+1
8.48223000E+2	-7.77016372E+1
8.48227500E+2	-7.85113500E+1
8.48232000E+2	-7.83735188E+1
8.48236500E+2	-7.81482949E+1
8.48241000E+2	-7.79680935E+1
8.48245500E+2	-7.81243265E+1
8.48250000E+2	-7.83079101E+1
8.48254500E+2	-7.87484022E+1
8.48259000E+2	-7.79502149E+1
8.48263500E+2	-7.85566989E+1
8.48268000E+2	-7.84067335E+1
8.48272500E+2	-7.82554456E+1
8.48277000E+2	-7.83804339E+1
8.48281500E+2	-7.85657440E+1
8.48286000E+2	-7.73973115E+1
8.48290500E+2	-7.74264305E+1
8.48295000E+2	-7.86090471E+1
8.48299500E+2	-7.87562357E+1
8.48304000E+2	-7.87520719E+1
8.48308500E+2	-7.80028954E+1
8.48313000E+2	-7.86033940E+1
8.48317500E+2	-7.74116256E+1
8.48322000E+2	-7.85926430E+1
8.48326500E+2	-7.83823077E+1
8.48331000E+2	-7.83627808E+1
8.48335500E+2	-7.79400843E+1
8.48340000E+2	-7.83245568E+1
8.48344500E+2	-7.78954014E+1
8.48349000E+2	-7.81689461E+1
8.48353500E+2	-7.75533394E+1
8.48358000E+2	-7.79080167E+1
8.48362500E+2	-7.82933942E+1
8.48367000E+2	-7.89625157E+1
8.48371500E+2	-7.82386692E+1
8.48376000E+2	-7.80184326E+1
8.48380500E+2	-7.80589022E+1
8.48385000E+2	-7.82855595E+1
8.48389500E+2	-7.72115173E+1
8.48394000E+2	-7.74207410E+1
8.48398500E+2	-7.84354459E+1
8.48403000E+2	-7.87793754E+1
8.48407500E+2	-7.87859272E+1
8.48412000E+2	-7.70716416E+1
8.48416500E+2	-7.73118515E+1
8.48421000E+2	-7.81891152E+1
8.48425500E+2	-7.79544476E+1
8.48430000E+2	-7.79417338E+1
8.48434500E+2	-7.86791713E+1
8.48439000E+2	-7.77557907E+1
8.48443500E+2	-7.76577429E+1
8.48448000E+2	-7.79957097E+1
8.48452500E+2	-7.76560343E+1
8.48457000E+2	-7.76943874E+1
8.48461500E+2	-7.83842477E+1
8.48466000E+2	-7.77837106E+1
8.48470500E+2	-7.83940144E+1
8.48475000E+2	-7.80084271E+1
8.48479500E+2	-7.82412276E+1
8.48484000E+2	-7.87402938E+1
8.48488500E+2	-7.71991367E+1
8.48493000E+2	-7.80239729E+1
8.48497500E+2	-7.77396652E+1
8.48502000E+2	-7.74720520E+1
8.48506500E+2	-7.84183846E+1
8.48511000E+2	-7.80285799E+1
8.48515500E+2	-7.79903032E+1
8.48520000E+2	-7.83670092E+1
8.48524500E+2	-7.80807728E+1
8.48529000E+2	-7.83434541E+1
8.48533500E+2	-7.81332654E+1
8.48538000E+2	-7.80807366E+1
8.48542500E+2	-7.75055583E+1
8.48547000E+2	-7.80918292E+1
8.48551500E+2	-7.74093909E+1
8.48556000E+2	-7.77303349E+1
8.48560500E+2	-7.80245514E+1
8.48565000E+2	-7.87986002E+1
8.48569500E+2	-7.83254405E+1
8.48574000E+2	-7.83365419E+1
8.48578500E+2	-7.81036041E+1
8.48583000E+2	-7.84282228E+1
8.48587500E+2	-7.81131342E+1
8.48592000E+2	-7.74704675E+1
8.48596500E+2	-7.75688906E+1
8.48601000E+2	-7.80291539E+1
8.48605500E+2	-7.84888830E+1
8.48610000E+2	-7.77759650E+1
8.48614500E+2	-7.79155526E+1
8.48619000E+2	-7.84046511E+1
8.48623500E+2	-7.81931190E+1
8.48628000E+2	-7.82972086E+1
8.48632500E+2	-7.83482397E+1
8.48637000E+2	-7.87075812E+1
8.48641500E+2	-7.79977410E+1
8.48646000E+2	-7.78287318E+1
8.48650500E+2	-7.83981840E+1
8.48655000E+2	-7.80218680E+1
8.48659500E+2	-7.83315557E+1
8.48664000E+2	-7.88594528E+1
8.48668500E+2	-7.79540477E+1
8.48673000E+2	-7.81140059E+1
8.48677500E+2	-7.78551820E+1
8.48682000E+2	-7.81237005E+1
8.48686500E+2	-7.74097434E+1
8.48691000E+2	-7.75718562E+1
8.48695500E+2	-7.80187066E+1
8.48700000E+2	-7.85069811E+1
8.48704500E+2	-7.80190227E+1
8.48709000E+2	-7.76307712E+1
8.48713500E+2	-7.81764077E+1
8.48718000E+2	-7.82725565E+1
8.48722500E+2	-7.84739816E+1
8.48727000E+2	-7.80788069E+1
8.48731500E+2	-7.78943232E+1
8.48736000E+2	-7.73199843E+1
8.48740500E+2	-7.79811292E+1
8.48745000E+2	-7.85502636E+1
8.48749500E+2	-7.80005165E+1
8.48754000E+2	-7.80718176E+1
8.48758500E+2	-7.78557077E+1
8.48763000E+2	-7.79241251E+1
8.48767500E+2	-7.79036469E+1
8.48772000E+2	-7.82261533E+1
8.48776500E+2	-7.81877303E+1
8.48781000E+2	-7.82723129E+1
8.48785500E+2	-7.82547656E+1
8.48790000E+2	-7.77423625E+1
8.48794500E+2	-7.84503341E+1
8.48799000E+2	-7.81742044E+1
8.48803500E+2	-7.79643153E+1
8.48808000E+2	-7.82307487E+1
8.48812500E+2	-7.79912179E+1
8.48817000E+2	-7.85041456E+1
8.48821500E+2	-7.79187825E+1
8.48826000E+2	-7.73940203E+1
8.48830500E+2	-7.73562277E+1
8.48835000E+2	-7.85946011E+1
8.48839500E+2	-7.85769122E+1
8.48844000E+2	-7.87064749E+1
8.48848500E+2	-7.77847944E+1
8.48853000E+2	-7.80492730E+1
8.48857500E+2	-7.83884441E+1
8.48862000E+2	-7.83361086E+1
8.48866500E+2	-7.86323369E+1
8.48871000E+2	-7.77198090E+1
8.48875500E+2	-7.75787884E+1
8.48880000E+2	-7.78122987E+1
8.48884500E+2	-7.76889206E+1
8.48889000E+2	-7.76859736E+1
8.48893500E+2	-7.79715907E+1
8.48898000E+2	-7.77389299E+1
8.48902500E+2	-7.78544133E+1
8.48907000E+2	-7.78761299E+1
8.48911500E+2	-7.83558452E+1
8.48916000E+2	-7.79165574E+1
8.48920500E+2	-7.77449875E+1
8.48925000E+2	-7.77788075E+1
8.48929500E+2	-7.73576901E+1
8.48934000E+2	-7.77879963E+1
8.48938500E+2	-7.81514346E+1
8.48943000E+2	-7.82719023E+1
8.48947500E+2	-7.86936706E+1
8.48952000E+2	-7.85321164E+1
8.48956500E+2	-7.86441448E+1
8.48961000E+2	-7.76915803E+1
8.48965500E+2	-7.78336224E+1
8.48970000E+2	-7.79480820E+1
8.48974500E+2	-7.74398937E+1
8.48979000E+2	-7.65256670E+1
8.48983500E+2	-7.69004373E+1
8.48988000E+2	-7.64614706E+1
8.48992500E+2	-7.62868677E+1
8.48997000E+2	-7.49735526E+1
8.49001500E+2	-7.41925345E+1
8.49006000E+2	-7.44307900E+1
8.49010500E+2	-7.32802161E+1
8.49015000E+2	-7.24328771E+1
8.49019500E+2	-7.19141337E+1
8.49024000E+2	-7.18517652E+1
8.49028500E+2	-7.02117089E+1
8.49033000E+2	-6.91728167E+1
8.49037500E+2	-6.37908147E+1
8.49042000E+2	-5.91774602E+1
8.49046500E+2	-5.55481634E+1
8.49051000E+2	-5.22793098E+1
8.49055500E+2	-4.98694484E+1
8.49060000E+2	-4.82125897E+1
8.49064500E+2	-4.63751442E+1
8.49069000E+2	-4.54671315E+1
8.49073500E+2	-4.47414215E+1
8.49078000E+2	-4.41953100E+1
8.49082500E+2	-4.35913124E+1
8.49087000E+2	-4.30981467E+1
8.49091500E+2	-4.24046056E+1
8.49096000E+2	-4.21882904E+1
8.49100500E+2	-4.18230115E+1
8.49105000E+2	-4.14702206E+1
8.49109500E+2	-4.13250600E+1
8.49114000E+2	-4.11403207E+1
8.49118500E+2	-4.09011568E+1
8.49123000E+2	-4.06521591E+1
8.49127500E+2	-4.04109137E+1
8.49132000E+2	-4.02548618E+1
8.49136500E+2	-4.01658681E+1
8.49141000E+2	-4.02291695E+1
8.49145500E+2	-4.04162484E+1
8.49150000E+2	-4.07549117E+1
8.49154500E+2	-4.11572984E+1
8.49159000E+2	-4.16205755E+1
8.49163500E+2	-4.22169001E+1
8.49168000E+2	-4.34543371E+1
8.49172500E+2	-4.39248975E+1
8.49177000E+2	-4.56378697E+1
8.49181500E+2	-4.70450186E+1
8.49186000E+2	-4.88927337E+1
8.49190500E+2	-5.11434605E+1
8.49195000E+2	-5.41997175E+1
8.49199500E+2	-5.76443312E+1
8.49204000E+2	-6.09038292E+1
8.49208500E+2	-6.48840109E+1
8.49213000E+2	-6.57234801E+1
8.49217500E+2	-6.69882950E+1
8.49222000E+2	-6.77309166E+1
8.49226500E+2	-6.81573206E+1
8.49231000E+2	-6.86994408E+1
8.49235500E+2	-6.94825749E+1
8.49240000E+2	-7.01680123E+1
8.49244500E+2	-7.15894704E+1
8.49249000E+2	-7.24626143E+1
8.49253500E+2	-7.27239099E+1
8.49258000E+2	-7.36759772E+1
8.49262500E+2	-7.42350702E+1
8.49267000E+2	-7.40907632E+1
8.49271500E+2	-7.45616411E+1
8.49276000E+2	-7.54376489E+1
8.49280500E+2	-7.65386757E+1
8.49285000E+2	-7.71303632E+1
8.49289500E+2	-7.68298404E+1
8.49294000E+2	-7.68391142E+1
8.49298500E+2	-7.73200080E+1
8.49303000E+2	-7.77974100E+1
8.49307500E+2	-7.76722886E+1
8.49312000E+2	-7.78644860E+1
8.49316500E+2	-7.80851189E+1
8.49321000E+2	-7.79160412E+1
8.49325500E+2	-7.79403887E+1
8.49330000E+2	-7.72379188E+1
8.49334500E+2	-7.74744494E+1
8.49339000E+2	-7.77081150E+1
8.49343500E+2	-7.76129993E+1
8.49348000E+2	-7.80717192E+1
8.49352500E+2	-7.73080030E+1
8.49357000E+2	-7.78698004E+1
8.49361500E+2	-7.78043879E+1
8.49366000E+2	-7.77609586E+1
8.49370500E+2	-7.81164824E+1
8.49375000E+2	-7.80579059E+1
8.49379500E+2	-7.77625856E+1
8.49384000E+2	-7.82278442E+1
8.49388500E+2	-7.79109512E+1
8.49393000E+2	-7.82076254E+1
8.49397500E+2	-7.83529674E+1
8.49402000E+2	-7.76631478E+1
8.49406500E+2	-7.79846601E+1
8.49411000E+2	-7.82801314E+1
8.49415500E+2	-7.87899797E+1
8.49420000E+2	-7.79444345E+1
8.49424500E+2	-7.79143221E+1
8.49429000E+2	-7.86803019E+1
8.49433500E+2	-7.83782926E+1
8.49438000E+2	-7.84412432E+1
8.49442500E+2	-7.81310992E+1
8.49447000E+2	-7.85034311E+1
8.49451500E+2	-7.83892580E+1
8.49456000E+2	-7.81649177E+1
8.49460500E+2	-7.75732524E+1
8.49465000E+2	-7.76381445E+1
8.49469500E+2	-7.75796947E+1
8.49474000E+2	-7.82622169E+1
8.49478500E+2	-7.81472179E+1
8.49483000E+2	-7.82138773E+1
8.49487500E+2	-7.79737401E+1
8.49492000E+2	-7.83669689E+1
8.49496500E+2	-7.84641856E+1
8.49501000E+2	-7.78568478E+1
8.49505500E+2	-7.84406564E+1
8.49510000E+2	-7.81505452E+1
8.49514500E+2	-7.74687177E+1
8.49519000E+2	-7.75042400E+1
8.49523500E+2	-7.73482675E+1
8.49528000E+2	-7.77033134E+1
8.49532500E+2	-7.77200270E+1
8.49537000E+2	-7.77084678E+1
8.49541500E+2	-7.76939165E+1
8.49546000E+2	-7.79116045E+1
8.49550500E+2	-7.81086767E+1
8.49555000E+2	-7.78636508E+1
8.49559500E+2	-7.84546035E+1
8.49564000E+2	-7.82775999E+1
8.49568500E+2	-7.72221801E+1
8.49573000E+2	-7.70688414E+1
8.49577500E+2	-7.79182331E+1
8.49582000E+2	-7.72555916E+1
8.49586500E+2	-7.69799608E+1
8.49591000E+2	-7.75262677E+1
8.49595500E+2	-7.81074302E+1
8.49600000E+2	-7.77753439E+1
8.49604500E+2	-7.74219346E+1
8.49609000E+2	-7.73986843E+1
8.49613500E+2	-7.78288662E+1
8.49618000E+2	-7.75598341E+1
8.49622500E+2	-7.76527109E+1
8.49627000E+2	-7.81265772E+1
8.49631500E+2	-7.79704521E+1
8.49636000E+2	-7.82413237E+1
8.49640500E+2	-7.84880105E+1
8.49645000E+2	-7.81618651E+1
8.49649500E+2	-7.80933684E+1
8.49654000E+2	-7.80669872E+1
8.49658500E+2	-7.78388616E+1
8.49663000E+2	-7.79348372E+1
8.49667500E+2	-7.79912042E+1
8.49672000E+2	-7.81235000E+1
8.49676500E+2	-7.88373938E+1
8.49681000E+2	-7.84821060E+1
8.49685500E+2	-7.79124701E+1
8.49690000E+2	-7.73516189E+1
8.49694500E+2	-7.77535580E+1
8.49699000E+2	-7.78784822E+1
8.49703500E+2	-7.65909423E+1
8.49708000E+2	-7.71006333E+1
8.49712500E+2	-7.72245648E+1
8.49717000E+2	-7.75064724E+1
8.49721500E+2	-7.79222129E+1
8.49726000E+2	-7.82885335E+1
8.49730500E+2	-7.79314823E+1
8.49735000E+2	-7.87718211E+1
8.49739500E+2	-7.82527340E+1
8.49744000E+2	-7.86909912E+1
8.49748500E+2	-7.79580258E+1
8.49753000E+2	-7.77963564E+1
8.49757500E+2	-7.77811940E+1
8.49762000E+2	-7.77860916E+1
8.49766500E+2	-7.80609275E+1
8.49771000E+2	-7.85901079E+1
8.49775500E+2	-7.84156099E+1
8.49780000E+2	-7.82173753E+1
8.49784500E+2	-7.80828143E+1
8.49789000E+2	-7.83623098E+1
8.49793500E+2	-7.83589376E+1
8.49798000E+2	-7.75428505E+1
8.49802500E+2	-7.86813338E+1
8.49807000E+2	-7.76431888E+1
8.49811500E+2	-7.78684100E+1
8.49816000E+2	-7.86678852E+1
8.49820500E+2	-7.78762739E+1
8.49825000E+2	-7.75883465E+1
8.49829500E+2	-7.79082424E+1
8.49834000E+2	-7.85324683E+1
8.49838500E+2	-7.84424777E+1
8.49843000E+2	-7.86862293E+1
8.49847500E+2	-7.77509485E+1
8.49852000E+2	-7.85054006E+1
8.49856500E+2	-7.84706116E+1
8.49861000E+2	-7.84400390E+1
8.49865500E+2	-7.84042322E+1
8.49870000E+2	-7.79755052E+1
8.49874500E+2	-7.83740486E+1
8.49879000E+2	-7.72556983E+1
8.49883500E+2	-7.84402568E+1
8.49888000E+2	-7.78548847E+1
8.49892500E+2	-7.76866514E+1
8.49897000E+2	-7.80580964E+1
8.49901500E+2	-7.79929595E+1
8.49906000E+2	-7.79665483E+1
8.49910500E+2	-7.80504658E+1
8.49915000E+2	-7.78827616E+1
8.49919500E+2	-7.77262990E+1
8.49924000E+2	-7.75997903E+1
8.49928500E+2	-7.72830194E+1
8.49933000E+2	-7.81231209E+1
8.49937500E+2	-7.86187205E+1
8.49942000E+2	-7.80482078E+1
8.49946500E+2	-7.73481415E+1
8.49951000E+2	-7.76339934E+1
8.49955500E+2	-7.76213051E+1
8.49960000E+2	-7.80490196E+1
8.49964500E+2	-7.76324141E+1
8.49969000E+2	-7.80006396E+1
8.49973500E+2	-7.73002592E+1
8.49978000E+2	-7.74848096E+1
8.49982500E+2	-7.77556518E+1
8.49987000E+2	-7.72931402E+1
8.49991500E+2	-7.76284986E+1
8.49996000E+2	-7.79078117E+1
8.50000500E+2	-7.82004637E+1
8.50005000E+2	-7.79161290E+1
8.50009500E+2	-7.81441434E+1
8.50014000E+2	-7.77398795E+1
8.50018500E+2	-7.77754032E+1
8.50023000E+2	-7.81837833E+1
8.50027500E+2	-7.83662764E+1
8.50032000E+2	-7.79680363E+1
8.50036500E+2	-7.90724762E+1
8.50041000E+2	-7.76742256E+1
8.50045500E+2	-7.76854332E+1
8.50050000E+2	-7.83915399E+1
8.50054500E+2	-7.81696635E+1
8.50059000E+2	-7.69098316E+1
8.50063500E+2	-7.78521776E+1
8.50068000E+2	-7.73516379E+1
8.50072500E+2	-7.70571261E+1
8.50077000E+2	-7.81889354E+1
8.50081500E+2	-7.81262909E+1
8.50086000E+2	-7.83755092E+1
8.50090500E+2	-7.81678089E+1
8.50095000E+2	-7.89026841E+1
8.50099500E+2	-7.70402013E+1
8.50104000E+2	-7.81130871E+1
8.50108500E+2	-7.78122694E+1
8.50113000E+2	-7.78089408E+1
8.50117500E+2	-7.88437334E+1
8.50122000E+2	-7.81555220E+1
8.50126500E+2	-7.82662023E+1
8.50131000E+2	-7.86547241E+1
8.50135500E+2	-7.80388379E+1
8.50140000E+2	-7.83480441E+1
8.50144500E+2	-7.78614874E+1
8.50149000E+2	-7.76414453E+1
8.50153500E+2	-7.89244802E+1
8.50158000E+2	-7.84816187E+1
8.50162500E+2	-7.78511494E+1
8.50167000E+2	-7.77308690E+1
8.50171500E+2	-7.82079353E+1
8.50176000E+2	-7.83460670E+1
8.50180500E+2	-7.78467223E+1
8.50185000E+2	-7.83394091E+1
8.50189500E+2	-7.79310811E+1
8.50194000E+2	-7.79546505E+1
8.50198500E+2	-7.82215460E+1
8.50203000E+2	-7.80264153E+1
8.50207500E+2	-7.77627482E+1
8.50212000E+2	-7.76233541E+1
8.50216500E+2	-7.81276607E+1
8.50221000E+2	-7.78620790E+1
8.50225500E+2	-7.83948639E+1
8.50230000E+2	-7.80626347E+1
8.50234500E+2	-7.79027732E+1
8.50239000E+2	-7.83342482E+1
8.50243500E+2	-7.79907933E+1
8.50248000E+2	-7.81629978E+1
8.50252500E+2	-7.87035461E+1
8.50257000E+2	-7.80008021E+1
8.50261500E+2	-7.77873353E+1
8.50266000E+2	-7.77941982E+1
8.50270500E+2	-7.80817062E+1
8.50275000E+2	-7.79472719E+1
8.50279500E+2	-7.80017146E+1
8.50284000E+2	-7.76786521E+1
8.50288500E+2	-7.73452841E+1
8.50293000E+2	-7.77607367E+1
8.50297500E+2	-7.78224705E+1
8.50302000E+2	-7.86443935E+1
8.50306500E+2	-7.74077976E+1
8.50311000E+2	-7.81717342E+1
8.50315500E+2	-7.78931165E+1
8.50320000E+2	-7.80711562E+1
8.50324500E+2	-7.83132629E+1
8.50329000E+2	-7.75917080E+1
8.50333500E+2	-7.76808680E+1
8.50338000E+2	-7.86431087E+1
8.50342500E+2	-7.88377223E+1
8.50347000E+2	-7.81952867E+1
8.50351500E+2	-7.83192343E+1
8.50356000E+2	-7.75841092E+1
8.50360500E+2	-7.76615557E+1
8.50365000E+2	-7.77479674E+1
8.50369500E+2	-7.78030518E+1
8.50374000E+2	-7.85439274E+1
8.50378500E+2	-7.75806024E+1
8.50383000E+2	-7.76013670E+1
8.50387500E+2	-7.82816212E+1
8.50392000E+2	-7.79322776E+1
8.50396500E+2	-7.84304565E+1
8.50401000E+2	-7.83439033E+1
8.50405500E+2	-7.78844966E+1
8.50410000E+2	-7.84307670E+1
8.50414500E+2	-7.80973622E+1
8.50419000E+2	-7.86518190E+1
8.50423500E+2	-7.80956332E+1
8.50428000E+2	-7.80750320E+1
8.50432500E+2	-7.78853464E+1
8.50437000E+2	-7.79877073E+1
8.50441500E+2	-7.83061050E+1
8.50446000E+2	-7.84220387E+1
8.50450500E+2	-7.79839174E+1
8.50455000E+2	-7.76603634E+1
8.50459500E+2	-7.75479458E+1
8.50464000E+2	-7.75151268E+1
8.50468500E+2	-7.79996953E+1
8.50473000E+2	-7.84454749E+1
8.50477500E+2	-7.75698164E+1
8.50482000E+2	-7.70695088E+1
8.50486500E+2	-7.70193101E+1
8.50491000E+2	-7.77230317E+1
8.50495500E+2	-7.83140722E+1
8.50500000E+2	-7.82274154E+1
