8.46000000E+2	-8.75531080E+1
8.46004500E+2	-8.68271326E+1
8.46009000E+2	-8.67904632E+1
8.46013500E+2	-8.67742207E+1
8.46018000E+2	-8.72912532E+1
8.46022500E+2	-8.64932946E+1
8.46027000E+2	-8.68735419E+1
8.46031500E+2	-8.72991170E+1
8.46036000E+2	-8.68411005E+1
8.46040500E+2	-8.69731793E+1
8.46045000E+2	-8.79112695E+1
8.46049500E+2	-8.74684451E+1
8.46054000E+2	-8.72243202E+1
8.46058500E+2	-8.70782514E+1
8.46063000E+2	-8.66618970E+1
8.46067500E+2	-8.74748402E+1
8.46072000E+2	-8.66794096E+1
8.46076500E+2	-8.65796715E+1
8.46081000E+2	-8.70271568E+1
8.46085500E+2	-8.73802017E+1
8.46090000E+2	-8.66632522E+1
8.46094500E+2	-8.68807560E+1
8.46099000E+2	-8.76156193E+1
8.46103500E+2	-8.68821722E+1
8.46108000E+2	-8.71834823E+1
8.46112500E+2	-8.75680456E+1
8.46117000E+2	-8.76174795E+1
8.46121500E+2	-8.71477149E+1
8.46126000E+2	-8.71658023E+1
8.46130500E+2	-8.67978782E+1
8.46135000E+2	-8.74740455E+1
8.46139500E+2	-8.69544162E+1
8.46144000E+2	-8.76201517E+1
8.46148500E+2	-8.74662697E+1
8.46153000E+2	-8.71692791E+1
8.46157500E+2	-8.73456605E+1
8.46162000E+2	-8.80310646E+1
8.46166500E+2	-8.73287674E+1
8.46171000E+2	-8.71381815E+1
8.46175500E+2	-8.71275081E+1
8.46180000E+2	-8.67259105E+1
8.46184500E+2	-8.69746034E+1
8.46189000E+2	-8.68601886E+1
8.46193500E+2	-8.67445555E+1
8.46198000E+2	-8.72201339E+1
8.46202500E+2	-8.69817189E+1
8.46207000E+2	-8.73826683E+1
8.46211500E+2	-8.63864341E+1
8.46216000E+2	-8.64360051E+1
8.46220500E+2	-8.67553674E+1
8.46225000E+2	-8.65126416E+1
8.46229500E+2	-8.70791560E+1
8.46234000E+2	-8.65455346E+1
8.46238500E+2	-8.69944152E+1
8.46243000E+2	-8.75845206E+1
8.46247500E+2	-8.75212604E+1
8.46252000E+2	-8.71069404E+1
8.46256500E+2	-8.62285301E+1
8.46261000E+2	-8.62435690E+1
8.46265500E+2	-8.74053988E+1
8.46270000E+2	-8.71104802E+1
8.46274500E+2	-8.72997429E+1
8.46279000E+2	-8.66407405E+1
8.46283500E+2	-8.70466337E+1
8.46288000E+2	-8.69610819E+1
8.46292500E+2	-8.74710427E+1
8.46297000E+2	-8.68762909E+1
8.46301500E+2	-8.74724471E+1
8.46306000E+2	-8.71080064E+1
8.46310500E+2	-8.71355857E+1
8.46315000E+2	-8.66151427E+1
8.46319500E+2	-8.70887450E+1
8.46324000E+2	-8.72738849E+1
8.46328500E+2	-8.71410451E+1
8.46333000E+2	-8.69155885E+1
8.46337500E+2	-8.71162366E+1
8.46342000E+2	-8.72535745E+1
8.46346500E+2	-8.71565256E+1
8.46351000E+2	-8.73121855E+1
8.46355500E+2	-8.72383804E+1
8.46360000E+2	-8.69966977E+1
8.46364500E+2	-8.73696901E+1
8.46369000E+2	-8.68782657E+1
8.46373500E+2	-8.73237645E+1
8.46378000E+2	-8.72209144E+1
8.46382500E+2	-8.76569959E+1
8.46387000E+2	-8.74796501E+1
8.46391500E+2	-8.70214629E+1
8.46396000E+2	-8.78229048E+1
8.46400500E+2	-8.71913811E+1
8.46405000E+2	-8.68090302E+1
8.46409500E+2	-8.69251856E+1
8.46414000E+2	-8.62564350E+1
8.46418500E+2	-8.70903089E+1
8.46423000E+2	-8.68451064E+1
8.46427500E+2	-8.67776223E+1
8.46432000E+2	-8.62014397E+1
8.46436500E+2	-8.63042881E+1
8.46441000E+2	-8.68235913E+1
8.46445500E+2	-8.56635140E+1
8.46450000E+2	-8.55363594E+1
8.46454500E+2	-8.57751710E+1
8.46459000E+2	-8.65044135E+1
8.46463500E+2	-8.58456706E+1
8.46468000E+2	-8.58555310E+1
8.46472500E+2	-8.66665544E+1
8.46477000E+2	-8.57872930E+1
8.46481500E+2	-8.58337854E+1
8.46486000E+2	-8.49458352E+1
8.46490500E+2	-8.52501356E+1
8.46495000E+2	-8.57990684E+1
8.46499500E+2	-8.52418810E+1
8.46504000E+2	-8.43516255E+1
8.46508500E+2	-8.39582748E+1
8.46513000E+2	-8.36902711E+1
8.46517500E+2	-8.33481634E+1
8.46522000E+2	-8.31174395E+1
8.46526500E+2	-8.32129055E+1
8.46531000E+2	-8.29428236E+1
8.46535500E+2	-8.21928333E+1
8.46540000E+2	-8.18957581E+1
8.46544500E+2	-8.13858594E+1
8.46549000E+2	-8.15472550E+1
8.46553500E+2	-8.11839844E+1
8.46558000E+2	-8.10832882E+1
8.46562500E+2	-8.03868159E+1
8.46567000E+2	-8.01649529E+1
8.46571500E+2	-7.99647989E+1
8.46576000E+2	-7.96449253E+1
8.46580500E+2	-7.95244972E+1
8.46585000E+2	-7.97198210E+1
8.46589500E+2	-7.93257093E+1
8.46594000E+2	-7.91628653E+1
8.46598500E+2	-7.95213961E+1
8.46603000E+2	-7.94551999E+1
8.46607500E+2	-7.94598385E+1
8.46612000E+2	-7.97556792E+1
8.46616500E+2	-7.96621156E+1
8.46621000E+2	-7.96296179E+1
8.46625500E+2	-7.99643053E+1
8.46630000E+2	-7.97884871E+1
8.46634500E+2	-7.99440358E+1
8.46639000E+2	-8.06017162E+1
8.46643500E+2	-8.06972249E+1
8.46648000E+2	-8.10909073E+1
8.46652500E+2	-8.13351431E+1
8.46657000E+2	-8.14413936E+1
8.46661500E+2	-8.20525825E+1
8.46666000E+2	-8.23787736E+1
8.46670500E+2	-8.27947270E+1
8.46675000E+2	-8.31940076E+1
8.46679500E+2	-8.36107836E+1
8.46684000E+2	-8.41663373E+1
8.46688500E+2	-8.40166073E+1
8.46693000E+2	-8.48823858E+1
8.46697500E+2	-8.50457878E+1
8.46702000E+2	-8.55141438E+1
8.46706500E+2	-8.55578538E+1
8.46711000E+2	-8.57511179E+1
8.46715500E+2	-8.55946178E+1
8.46720000E+2	-8.60176894E+1
8.46724500E+2	-8.61911675E+1
8.46729000E+2	-8.59093287E+1
8.46733500E+2	-8.62375138E+1
8.46738000E+2	-8.62117816E+1
8.46742500E+2	-8.53982240E+1
8.46747000E+2	-8.63535699E+1
8.46751500E+2	-8.63219383E+1
8.46756000E+2	-8.60515375E+1
8.46760500E+2	-8.61116878E+1
8.46765000E+2	-8.60266558E+1
8.46769500E+2	-8.63893269E+1
8.46774000E+2	-8.71781421E+1
8.46778500E+2	-8.68389474E+1
8.46783000E+2	-8.69993066E+1
8.46787500E+2	-8.77421970E+1
8.46792000E+2	-8.70827992E+1
8.46796500E+2	-8.67728902E+1
8.46801000E+2	-8.67613874E+1
8.46805500E+2	-8.70243395E+1
8.46810000E+2	-8.75325338E+1
8.46814500E+2	-8.70733437E+1
8.46819000E+2	-8.70306604E+1
8.46823500E+2	-8.67968579E+1
8.46828000E+2	-8.70920078E+1
8.46832500E+2	-8.74426049E+1
8.46837000E+2	-8.75632905E+1
8.46841500E+2	-8.74501407E+1
8.46846000E+2	-8.66381438E+1
8.46850500E+2	-8.70128806E+1
8.46855000E+2	-8.74492432E+1
8.46859500E+2	-8.69159297E+1
8.46864000E+2	-8.71131040E+1
8.46868500E+2	-8.70741345E+1
8.46873000E+2	-8.69300917E+1
8.46877500E+2	-8.65726029E+1
8.46882000E+2	-8.67910586E+1
8.46886500E+2	-8.76549172E+1
8.46891000E+2	-8.69968832E+1
8.46895500E+2	-8.72396191E+1
8.46900000E+2	-8.72230868E+1
8.46904500E+2	-8.75504319E+1
8.46909000E+2	-8.67900812E+1
8.46913500E+2	-8.67512102E+1
8.46918000E+2	-8.76695059E+1
8.46922500E+2	-8.77961055E+1
8.46927000E+2	-8.76766982E+1
8.46931500E+2	-8.72074717E+1
8.46936000E+2	-8.71589656E+1
8.46940500E+2	-8.69931849E+1
8.46945000E+2	-8.65762671E+1
8.46949500E+2	-8.76733030E+1
8.46954000E+2	-8.75238425E+1
8.46958500E+2	-8.70902507E+1
8.46963000E+2	-8.66129401E+1
8.46967500E+2	-8.70210997E+1
8.46972000E+2	-8.68683386E+1
8.46976500E+2	-8.75138938E+1
8.46981000E+2	-8.72948951E+1
8.46985500E+2	-8.66481656E+1
8.46990000E+2	-8.67696957E+1
8.46994500E+2	-8.72418458E+1
8.46999000E+2	-8.64047427E+1
8.47003500E+2	-8.67947155E+1
8.47008000E+2	-8.66864831E+1
8.47012500E+2	-8.68127673E+1
8.47017000E+2	-8.68557974E+1
8.47021500E+2	-8.68312328E+1
8.47026000E+2	-8.79509403E+1
8.47030500E+2	-8.74929198E+1
8.47035000E+2	-8.72464763E+1
8.47039500E+2	-8.65081884E+1
8.47044000E+2	-8.77241686E+1
8.47048500E+2	-8.78167769E+1
8.47053000E+2	-8.75593249E+1
8.47057500E+2	-8.68688030E+1
8.47062000E+2	-8.73145248E+1
8.47066500E+2	-8.72725049E+1
8.47071000E+2	-8.70969910E+1
8.47075500E+2	-8.69722795E+1
8.47080000E+2	-8.72861625E+1
8.47084500E+2	-8.68319263E+1
8.47089000E+2	-8.66165158E+1
8.47093500E+2	-8.75757683E+1
8.47098000E+2	-8.77439896E+1
8.47102500E+2	-8.66636124E+1
8.47107000E+2	-8.69702095E+1
8.47111500E+2	-8.75956198E+1
8.47116000E+2	-8.67387031E+1
8.47120500E+2	-8.68987920E+1
8.47125000E+2	-8.70188693E+1
8.47129500E+2	-8.74729835E+1
8.47134000E+2	-8.77422176E+1
8.47138500E+2	-8.78417346E+1
8.47143000E+2	-8.74001008E+1
8.47147500E+2	-8.64713284E+1
8.47152000E+2	-8.71817866E+1
8.47156500E+2	-8.74342729E+1
8.47161000E+2	-8.73635365E+1
8.47165500E+2	-8.73715367E+1
8.47170000E+2	-8.68172354E+1
8.47174500E+2	-8.67392626E+1
8.47179000E+2	-8.73072148E+1
8.47183500E+2	-8.70031795E+1
8.47188000E+2	-8.73272753E+1
8.47192500E+2	-8.76374912E+1
8.47197000E+2	-8.73578572E+1
8.47201500E+2	-8.67782791E+1
8.47206000E+2	-8.69843809E+1
8.47210500E+2	-8.73036523E+1
8.47215000E+2	-8.83550655E+1
8.47219500E+2	-8.76313629E+1
8.47224000E+2	-8.72708970E+1
8.47228500E+2	-8.63989767E+1
8.47233000E+2	-8.67013874E+1
8.47237500E+2	-8.68454508E+1
8.47242000E+2	-8.71141706E+1
8.47246500E+2	-8.69366779E+1
8.47251000E+2	-8.69454206E+1
8.47255500E+2	-8.71240678E+1
8.47260000E+2	-8.72423369E+1
8.47264500E+2	-8.79544133E+1
8.47269000E+2	-8.77391713E+1
8.47273500E+2	-8.76862500E+1
8.47278000E+2	-8.72805364E+1
8.47282500E+2	-8.74089635E+1
8.47287000E+2	-8.68952625E+1
8.47291500E+2	-8.75592141E+1
8.47296000E+2	-8.75081599E+1
8.47300500E+2	-8.72576736E+1
8.47305000E+2	-8.67692367E+1
8.47309500E+2	-8.68083139E+1
8.47314000E+2	-8.70103055E+1
8.47318500E+2	-8.71287310E+1
8.47323000E+2	-8.76374540E+1
8.47327500E+2	-8.65282842E+1
8.47332000E+2	-8.68460793E+1
8.47336500E+2	-8.74512974E+1
8.47341000E+2	-8.69399754E+1
8.47345500E+2	-8.67306585E+1
8.47350000E+2	-8.66897601E+1
8.47354500E+2	-8.63913589E+1
8.47359000E+2	-8.70485104E+1
8.47363500E+2	-8.65903010E+1
8.47368000E+2	-8.64548079E+1
8.47372500E+2	-8.66590997E+1
8.47377000E+2	-8.72772505E+1
8.47381500E+2	-8.55562855E+1
8.47386000E+2	-8.60595189E+1
8.47390500E+2	-8.65818127E+1
8.47395000E+2	-8.48422925E+1
8.47399500E+2	-8.43637445E+1
8.47404000E+2	-8.45066878E+1
8.47408500E+2	-8.44738698E+1
8.47413000E+2	-8.44597271E+1
8.47417500E+2	-8.42800556E+1
8.47422000E+2	-8.32672199E+1
8.47426500E+2	-8.29505005E+1
8.47431000E+2	-8.28571120E+1
8.47435500E+2	-8.16201734E+1
8.47440000E+2	-8.11867560E+1
8.47444500E+2	-7.99369010E+1
8.47449000E+2	-7.97677756E+1
8.47453500E+2	-7.90019850E+1
8.47458000E+2	-7.83602211E+1
8.47462500E+2	-7.79957273E+1
8.47467000E+2	-7.76653593E+1
8.47471500E+2	-7.71556517E+1
8.47476000E+2	-7.69553910E+1
8.47480500E+2	-7.67190937E+1
8.47485000E+2	-7.64868076E+1
8.47489500E+2	-7.62992074E+1
8.47494000E+2	-7.61651437E+1
8.47498500E+2	-7.59508465E+1
8.47503000E+2	-7.59657065E+1
8.47507500E+2	-7.60130077E+1
8.47512000E+2	-7.60199711E+1
8.47516500E+2	-7.61353055E+1
8.47521000E+2	-7.61001220E+1
8.47525500E+2	-7.60473921E+1
8.47530000E+2	-7.62884059E+1
8.47534500E+2	-7.64522854E+1
8.47539000E+2	-7.65806906E+1
8.47543500E+2	-7.67460287E+1
8.47548000E+2	-7.72114834E+1
8.47552500E+2	-7.74296979E+1
8.47557000E+2	-7.77379386E+1
8.47561500E+2	-7.81851167E+1
8.47566000E+2	-7.83375085E+1
8.47570500E+2	-7.89041147E+1
8.47575000E+2	-7.94162386E+1
8.47579500E+2	-7.97416800E+1
8.47584000E+2	-8.02093656E+1
8.47588500E+2	-8.08169437E+1
8.47593000E+2	-8.12214136E+1
8.47597500E+2	-8.14996416E+1
8.47602000E+2	-8.19832299E+1
8.47606500E+2	-8.22555152E+1
8.47611000E+2	-8.24442891E+1
8.47615500E+2	-8.32403696E+1
8.47620000E+2	-8.35193498E+1
8.47624500E+2	-8.48889613E+1
8.47629000E+2	-8.48632420E+1
8.47633500E+2	-8.35290445E+1
8.47638000E+2	-8.42622743E+1
8.47642500E+2	-8.46266696E+1
8.47647000E+2	-8.60276827E+1
8.47651500E+2	-8.51605521E+1
8.47656000E+2	-8.56606668E+1
8.47660500E+2	-8.56130982E+1
8.47665000E+2	-8.57224952E+1
8.47669500E+2	-8.59435164E+1
8.47674000E+2	-8.58423793E+1
8.47678500E+2	-8.61014659E+1
8.47683000E+2	-8.57934531E+1
8.47687500E+2	-8.54605427E+1
8.47692000E+2	-8.57941648E+1
8.47696500E+2	-8.63496878E+1
8.47701000E+2	-8.55565684E+1
8.47705500E+2	-8.54778844E+1
8.47710000E+2	-8.55122767E+1
8.47714500E+2	-8.60081133E+1
8.47719000E+2	-8.58872244E+1
8.47723500E+2	-8.58478213E+1
8.47728000E+2	-8.54323636E+1
8.47732500E+2	-8.54870978E+1
8.47737000E+2	-8.57591057E+1
8.47741500E+2	-8.65467676E+1
8.47746000E+2	-8.64380362E+1
8.47750500E+2	-8.59208299E+1
8.47755000E+2	-8.51623514E+1
8.47759500E+2	-8.54488343E+1
8.47764000E+2	-8.47639994E+1
8.47768500E+2	-8.55643990E+1
8.47773000E+2	-8.54170570E+1
8.47777500E+2	-8.50421832E+1
8.47782000E+2	-8.41541199E+1
8.47786500E+2	-8.35206721E+1
8.47791000E+2	-8.38422140E+1
8.47795500E+2	-8.30130070E+1
8.47800000E+2	-8.28245327E+1
8.47804500E+2	-8.22558177E+1
8.47809000E+2	-8.17967826E+1
8.47813500E+2	-8.09376417E+1
8.47818000E+2	-8.03423987E+1
8.47822500E+2	-7.97200992E+1
8.47827000E+2	-7.91696047E+1
8.47831500E+2	-7.83705207E+1
8.47836000E+2	-7.78374721E+1
8.47840500E+2	-7.73496747E+1
8.47845000E+2	-7.69267809E+1
8.47849500E+2	-7.64402336E+1
8.47854000E+2	-7.60644101E+1
8.47858500E+2	-7.57651743E+1
8.47863000E+2	-7.56192667E+1
8.47867500E+2	-7.52999578E+1
8.47872000E+2	-7.47749212E+1
8.47876500E+2	-7.45955166E+1
8.47881000E+2	-7.45060294E+1
8.47885500E+2	-7.44299169E+1
8.47890000E+2	-7.44229359E+1
8.47894500E+2	-7.45624345E+1
8.47899000E+2	-7.46831001E+1
8.47903500E+2	-7.48314610E+1
8.47908000E+2	-7.53483270E+1
8.47912500E+2	-7.56290640E+1
8.47917000E+2	-7.62575096E+1
8.47921500E+2	-7.67138591E+1
8.47926000E+2	-7.72221287E+1
8.47930500E+2	-7.79830690E+1
8.47935000E+2	-7.89953598E+1
8.47939500E+2	-7.92326339E+1
8.47944000E+2	-8.00855538E+1
8.47948500E+2	-8.09772065E+1
8.47953000E+2	-8.20165770E+1
8.47957500E+2	-8.26458811E+1
8.47962000E+2	-8.28584487E+1
8.47966500E+2	-8.37208390E+1
8.47971000E+2	-8.44153332E+1
8.47975500E+2	-8.49478777E+1
8.47980000E+2	-8.54790340E+1
8.47984500E+2	-8.49947962E+1
8.47989000E+2	-8.56285339E+1
8.47993500E+2	-8.59525613E+1
8.47998000E+2	-8.51550961E+1
8.48002500E+2	-8.53287109E+1
8.48007000E+2	-8.58421530E+1
8.48011500E+2	-8.60744188E+1
8.48016000E+2	-8.62521580E+1
8.48020500E+2	-8.63548911E+1
8.48025000E+2	-8.65632855E+1
8.48029500E+2	-8.64149305E+1
8.48034000E+2	-8.63968138E+1
8.48038500E+2	-8.70938998E+1
8.48043000E+2	-8.59939455E+1
8.48047500E+2	-8.57480621E+1
8.48052000E+2	-8.54371371E+1
8.48056500E+2	-8.63096887E+1
8.48061000E+2	-8.67628483E+1
8.48065500E+2	-8.65099081E+1
8.48070000E+2	-8.68601039E+1
8.48074500E+2	-8.70209214E+1
8.48079000E+2	-8.67861486E+1
8.48083500E+2	-8.75335698E+1
8.48088000E+2	-8.64203096E+1
8.48092500E+2	-8.65583034E+1
8.48097000E+2	-8.67015944E+1
8.48101500E+2	-8.65429391E+1
8.48106000E+2	-8.66832590E+1
8.48110500E+2	-8.65956936E+1
8.48115000E+2	-8.63244233E+1
8.48119500E+2	-8.64488744E+1
8.48124000E+2	-8.69093020E+1
8.48128500E+2	-8.66540072E+1
8.48133000E+2	-8.63759475E+1
8.48137500E+2	-8.64432123E+1
8.48142000E+2	-8.71319990E+1
8.48146500E+2	-8.78310546E+1
8.48151000E+2	-8.74480409E+1
8.48155500E+2	-8.75411136E+1
8.48160000E+2	-8.76317893E+1
8.48164500E+2	-8.82478904E+1
8.48169000E+2	-8.71502864E+1
8.48173500E+2	-8.69772575E+1
8.48178000E+2	-8.70578737E+1
8.48182500E+2	-8.69493570E+1
8.48187000E+2	-8.72673038E+1
8.48191500E+2	-8.71524948E+1
8.48196000E+2	-8.76065843E+1
8.48200500E+2	-8.74746282E+1
8.48205000E+2	-8.75329024E+1
8.48209500E+2	-8.76604371E+1
8.48214000E+2	-8.71230217E+1
8.48218500E+2	-8.80292632E+1
8.48223000E+2	-8.74531973E+1
8.48227500E+2	-8.79671416E+1
8.48232000E+2	-8.67322067E+1
8.48236500E+2	-8.65826766E+1
8.48241000E+2	-8.64939674E+1
8.48245500E+2	-8.73493523E+1
8.48250000E+2	-8.73932321E+1
8.48254500E+2	-8.73823586E+1
8.48259000E+2	-8.76028546E+1
8.48263500E+2	-8.67895128E+1
8.48268000E+2	-8.82552044E+1
8.48272500E+2	-8.75939091E+1
8.48277000E+2	-8.80621970E+1
8.48281500E+2	-8.78226288E+1
8.48286000E+2	-8.72308527E+1
8.48290500E+2	-8.72148309E+1
8.48295000E+2	-8.70922682E+1
8.48299500E+2	-8.68592561E+1
8.48304000E+2	-8.67900804E+1
8.48308500E+2	-8.78894443E+1
8.48313000E+2	-8.74797216E+1
8.48317500E+2	-8.74739128E+1
8.48322000E+2	-8.79134828E+1
8.48326500E+2	-8.75605402E+1
8.48331000E+2	-8.77934982E+1
8.48335500E+2	-8.75363943E+1
8.48340000E+2	-8.71034104E+1
8.48344500E+2	-8.75182243E+1
8.48349000E+2	-8.74540612E+1
8.48353500E+2	-8.81339491E+1
8.48358000E+2	-8.77966934E+1
8.48362500E+2	-8.72992472E+1
8.48367000E+2	-8.65731373E+1
8.48371500E+2	-8.73905303E+1
8.48376000E+2	-8.72992508E+1
8.48380500E+2	-8.74686721E+1
8.48385000E+2	-8.75164389E+1
8.48389500E+2	-8.66136893E+1
8.48394000E+2	-8.74683892E+1
8.48398500E+2	-8.70061504E+1
8.48403000E+2	-8.70188168E+1
8.48407500E+2	-8.64760204E+1
8.48412000E+2	-8.71018034E+1
8.48416500E+2	-8.73362669E+1
8.48421000E+2	-8.69701700E+1
8.48425500E+2	-8.76716393E+1
8.48430000E+2	-8.72412683E+1
8.48434500E+2	-8.71725274E+1
8.48439000E+2	-8.74910528E+1
8.48443500E+2	-8.67041699E+1
8.48448000E+2	-8.76121133E+1
8.48452500E+2	-8.74189687E+1
8.48457000E+2	-8.68209620E+1
8.48461500E+2	-8.64899907E+1
8.48466000E+2	-8.68623047E+1
8.48470500E+2	-8.74287724E+1
8.48475000E+2	-8.73709123E+1
8.48479500E+2	-8.74940554E+1
8.48484000E+2	-8.79161197E+1
8.48488500E+2	-8.77088427E+1
8.48493000E+2	-8.83628521E+1
8.48497500E+2	-8.71223753E+1
8.48502000E+2	-8.73402143E+1
8.48506500E+2	-8.65687628E+1
8.48511000E+2	-8.69794518E+1
8.48515500E+2	-8.84790671E+1
8.48520000E+2	-8.71359931E+1
8.48524500E+2	-8.77305016E+1
8.48529000E+2	-8.70864598E+1
8.48533500E+2	-8.76279094E+1
8.48538000E+2	-8.74063123E+1
8.48542500E+2	-8.68827992E+1
8.48547000E+2	-8.74910057E+1
8.48551500E+2	-8.73125397E+1
8.48556000E+2	-8.78254109E+1
8.48560500E+2	-8.68938195E+1
8.48565000E+2	-8.60364358E+1
8.48569500E+2	-8.67401539E+1
8.48574000E+2	-8.72592660E+1
8.48578500E+2	-8.77095774E+1
8.48583000E+2	-8.77665030E+1
8.48587500E+2	-8.73194527E+1
8.48592000E+2	-8.73323696E+1
8.48596500E+2	-8.75164662E+1
8.48601000E+2	-8.71949219E+1
8.48605500E+2	-8.72018743E+1
8.48610000E+2	-8.81989208E+1
8.48614500E+2	-8.74737707E+1
8.48619000E+2	-8.72019218E+1
8.48623500E+2	-8.77297018E+1
8.48628000E+2	-8.77255695E+1
8.48632500E+2	-8.66596740E+1
8.48637000E+2	-8.72805201E+1
8.48641500E+2	-8.77927465E+1
8.48646000E+2	-8.76128867E+1
8.48650500E+2	-8.75107068E+1
8.48655000E+2	-8.78833095E+1
8.48659500E+2	-8.71552547E+1
8.48664000E+2	-8.74314402E+1
8.48668500E+2	-8.66861383E+1
8.48673000E+2	-8.73897717E+1
8.48677500E+2	-8.74940160E+1
8.48682000E+2	-8.74013368E+1
8.48686500E+2	-8.73057046E+1
8.48691000E+2	-8.73837678E+1
8.48695500E+2	-8.67913125E+1
8.48700000E+2	-8.68077091E+1
8.48704500E+2	-8.78109408E+1
8.48709000E+2	-8.72735901E+1
8.48713500E+2	-8.72150519E+1
8.48718000E+2	-8.71259450E+1
8.48722500E+2	-8.69365464E+1
8.48727000E+2	-8.74227457E+1
8.48731500E+2	-8.75702579E+1
8.48736000E+2	-8.69226119E+1
8.48740500E+2	-8.67803389E+1
8.48745000E+2	-8.75015309E+1
8.48749500E+2	-8.71052707E+1
8.48754000E+2	-8.67653342E+1
8.48758500E+2	-8.61232956E+1
8.48763000E+2	-8.63312206E+1
8.48767500E+2	-8.64095830E+1
8.48772000E+2	-8.62748315E+1
8.48776500E+2	-8.62535034E+1
8.48781000E+2	-8.72442445E+1
8.48785500E+2	-8.70297571E+1
8.48790000E+2	-8.60533860E+1
8.48794500E+2	-8.59585924E+1
8.48799000E+2	-8.65404282E+1
8.48803500E+2	-8.57137286E+1
8.48808000E+2	-8.68803113E+1
8.48812500E+2	-8.67520301E+1
8.48817000E+2	-8.59610764E+1
8.48821500E+2	-8.58590184E+1
8.48826000E+2	-8.65421314E+1
8.48830500E+2	-8.56221220E+1
8.48835000E+2	-8.46772730E+1
8.48839500E+2	-8.44716110E+1
8.48844000E+2	-8.34623903E+1
8.48848500E+2	-8.23507298E+1
8.48853000E+2	-8.18716429E+1
8.48857500E+2	-8.08772196E+1
8.48862000E+2	-8.06922577E+1
8.48866500E+2	-7.98063641E+1
8.48871000E+2	-7.93779423E+1
8.48875500E+2	-7.86846435E+1
8.48880000E+2	-7.72183146E+1
8.48884500E+2	-7.28748407E+1
8.48889000E+2	-6.83620034E+1
8.48893500E+2	-6.38480991E+1
8.48898000E+2	-6.06482195E+1
8.48902500E+2	-5.78906860E+1
8.48907000E+2	-5.59378292E+1
8.48911500E+2	-5.39488916E+1
8.48916000E+2	-5.34711681E+1
8.48920500E+2	-5.25255847E+1
8.48925000E+2	-5.13698102E+1
8.48929500E+2	-5.06429710E+1
8.48934000E+2	-5.00353936E+1
8.48938500E+2	-4.94746816E+1
8.48943000E+2	-4.91411340E+1
8.48947500E+2	-4.89569500E+1
8.48952000E+2	-4.85597130E+1
8.48956500E+2	-4.83635603E+1
8.48961000E+2	-4.79769681E+1
8.48965500E+2	-4.78671895E+1
8.48970000E+2	-4.78330659E+1
8.48974500E+2	-4.79192703E+1
8.48979000E+2	-4.81296685E+1
8.48983500E+2	-4.84782018E+1
8.48988000E+2	-4.90630364E+1
8.48992500E+2	-4.92677035E+1
8.48997000E+2	-5.01592813E+1
8.49001500E+2	-5.10699315E+1
8.49006000E+2	-5.22035468E+1
8.49010500E+2	-5.32989499E+1
8.49015000E+2	-5.47518735E+1
8.49019500E+2	-5.65589611E+1
8.49024000E+2	-5.86398570E+1
8.49028500E+2	-6.30739674E+1
8.49033000E+2	-6.49713376E+1
8.49037500E+2	-6.94135298E+1
8.49042000E+2	-7.17835012E+1
8.49046500E+2	-7.32570911E+1
8.49051000E+2	-7.44341715E+1
8.49055500E+2	-7.50681853E+1
8.49060000E+2	-7.56121258E+1
8.49064500E+2	-7.66544125E+1
8.49069000E+2	-7.74267119E+1
8.49073500E+2	-7.80579403E+1
8.49078000E+2	-7.87911193E+1
8.49082500E+2	-7.95869715E+1
8.49087000E+2	-7.97674764E+1
8.49091500E+2	-8.09652309E+1
8.49096000E+2	-8.12095919E+1
8.49100500E+2	-8.19769324E+1
8.49105000E+2	-8.23124070E+1
8.49109500E+2	-8.32183417E+1
8.49114000E+2	-8.36825712E+1
8.49118500E+2	-8.44451474E+1
8.49123000E+2	-8.46699140E+1
8.49127500E+2	-8.53266530E+1
8.49132000E+2	-8.57959241E+1
8.49136500E+2	-8.54936308E+1
8.49141000E+2	-8.63813350E+1
8.49145500E+2	-8.61756945E+1
8.49150000E+2	-8.73620820E+1
8.49154500E+2	-8.71445370E+1
8.49159000E+2	-8.64519066E+1
8.49163500E+2	-8.70284480E+1
8.49168000E+2	-8.65776648E+1
8.49172500E+2	-8.69141096E+1
8.49177000E+2	-8.57874595E+1
8.49181500E+2	-8.62729095E+1
8.49186000E+2	-8.65967569E+1
8.49190500E+2	-8.66968798E+1
8.49195000E+2	-8.69636924E+1
8.49199500E+2	-8.67017523E+1
8.49204000E+2	-8.72869999E+1
8.49208500E+2	-8.70752447E+1
8.49213000E+2	-8.70735644E+1
8.49217500E+2	-8.72954141E+1
8.49222000E+2	-8.67422314E+1
8.49226500E+2	-8.63783707E+1
8.49231000E+2	-8.71708008E+1
8.49235500E+2	-8.69963923E+1
8.49240000E+2	-8.69304831E+1
8.49244500E+2	-8.71787140E+1
8.49249000E+2	-8.67033306E+1
8.49253500E+2	-8.69740801E+1
8.49258000E+2	-8.75435607E+1
8.49262500E+2	-8.73330531E+1
8.49267000E+2	-8.69255964E+1
8.49271500E+2	-8.70140195E+1
8.49276000E+2	-8.73074103E+1
8.49280500E+2	-8.70158482E+1
8.49285000E+2	-8.66970819E+1
8.49289500E+2	-8.70334684E+1
8.49294000E+2	-8.70685291E+1
8.49298500E+2	-8.65567446E+1
8.49303000E+2	-8.69737762E+1
8.49307500E+2	-8.68704395E+1
8.49312000E+2	-8.68777452E+1
8.49316500E+2	-8.70781186E+1
8.49321000E+2	-8.68753246E+1
8.49325500E+2	-8.66337954E+1
8.49330000E+2	-8.70383219E+1
8.49334500E+2	-8.66475584E+1
8.49339000E+2	-8.77335052E+1
8.49343500E+2	-8.74166879E+1
8.49348000E+2	-8.72882206E+1
8.49352500E+2	-8.74241223E+1
8.49357000E+2	-8.76804933E+1
8.49361500E+2	-8.69546182E+1
8.49366000E+2	-8.65335324E+1
8.49370500E+2	-8.72747359E+1
8.49375000E+2	-8.71365694E+1
8.49379500E+2	-8.68487132E+1
8.49384000E+2	-8.70941374E+1
8.49388500E+2	-8.74755237E+1
8.49393000E+2	-8.73896447E+1
8.49397500E+2	-8.79738442E+1
8.49402000E+2	-8.74871511E+1
8.49406500E+2	-8.82110063E+1
8.49411000E+2	-8.75044228E+1
8.49415500E+2	-8.76032725E+1
8.49420000E+2	-8.70188697E+1
8.49424500E+2	-8.76203069E+1
8.49429000E+2	-8.72314249E+1
8.49433500E+2	-8.79399585E+1
8.49438000E+2	-8.72701836E+1
8.49442500E+2	-8.73937674E+1
8.49447000E+2	-8.78570706E+1
8.49451500E+2	-8.74914949E+1
8.49456000E+2	-8.70349124E+1
8.49460500E+2	-8.68865133E+1
8.49465000E+2	-8.67922325E+1
8.49469500E+2	-8.74307302E+1
8.49474000E+2	-8.73560326E+1
8.49478500E+2	-8.75243423E+1
8.49483000E+2	-8.83701966E+1
8.49487500E+2	-8.77784555E+1
8.49492000E+2	-8.71641456E+1
8.49496500E+2	-8.69606965E+1
8.49501000E+2	-8.71319876E+1
8.49505500E+2	-8.75320295E+1
8.49510000E+2	-8.68435132E+1
8.49514500E+2	-8.77851602E+1
8.49519000E+2	-8.72309987E+1
8.49523500E+2	-8.74661557E+1
8.49528000E+2	-8.76395524E+1
8.49532500E+2	-8.69857604E+1
8.49537000E+2	-8.68229927E+1
8.49541500E+2	-8.67520641E+1
8.49546000E+2	-8.64758968E+1
8.49550500E+2	-8.66582417E+1
8.49555000E+2	-8.82299108E+1
8.49559500E+2	-8.72078257E+1
8.49564000E+2	-8.75705575E+1
8.49568500E+2	-8.80635485E+1
8.49573000E+2	-8.75903569E+1
8.49577500E+2	-8.76073407E+1
8.49582000E+2	-8.69991043E+1
8.49586500E+2	-8.67795044E+1
8.49591000E+2	-8.75234616E+1
8.49595500E+2	-8.77154110E+1
8.49600000E+2	-8.77447743E+1
8.49604500E+2	-8.75566140E+1
8.49609000E+2	-8.73797675E+1
8.49613500E+2	-8.72369207E+1
8.49618000E+2	-8.60913125E+1
8.49622500E+2	-8.73931381E+1
8.49627000E+2	-8.74416024E+1
8.49631500E+2	-8.67252578E+1
8.49636000E+2	-8.72798893E+1
8.49640500E+2	-8.69813361E+1
8.49645000E+2	-8.77016591E+1
8.49649500E+2	-8.76848775E+1
8.49654000E+2	-8.75653687E+1
8.49658500E+2	-8.75184163E+1
8.49663000E+2	-8.76981736E+1
8.49667500E+2	-8.69597999E+1
8.49672000E+2	-8.72905855E+1
8.49676500E+2	-8.77045483E+1
8.49681000E+2	-8.72919654E+1
8.49685500E+2	-8.77394011E+1
8.49690000E+2	-8.82779516E+1
8.49694500E+2	-8.81515685E+1
8.49699000E+2	-8.75518842E+1
8.49703500E+2	-8.76511692E+1
8.49708000E+2	-8.76919337E+1
8.49712500E+2	-8.74437353E+1
8.49717000E+2	-8.71933839E+1
8.49721500E+2	-8.64002974E+1
8.49726000E+2	-8.65987104E+1
8.49730500E+2	-8.67635014E+1
8.49735000E+2	-8.68641469E+1
8.49739500E+2	-8.73938431E+1
8.49744000E+2	-8.79664396E+1
8.49748500E+2	-8.77580620E+1
8.49753000E+2	-8.78060411E+1
8.49757500E+2	-8.74895285E+1
8.49762000E+2	-8.71806836E+1
8.49766500E+2	-8.78957574E+1
8.49771000E+2	-8.78419939E+1
8.49775500E+2	-8.74209681E+1
8.49780000E+2	-8.77997596E+1
8.49784500E+2	-8.71498469E+1
8.49789000E+2	-8.73619062E+1
8.49793500E+2	-8.66325486E+1
8.49798000E+2	-8.75699790E+1
8.49802500E+2	-8.78370745E+1
8.49807000E+2	-8.79747288E+1
8.49811500E+2	-8.76094097E+1
8.49816000E+2	-8.75684261E+1
8.49820500E+2	-8.79025907E+1
8.49825000E+2	-8.72601071E+1
8.49829500E+2	-8.71836583E+1
8.49834000E+2	-8.69414908E+1
8.49838500E+2	-8.74773273E+1
8.49843000E+2	-8.77861719E+1
8.49847500E+2	-8.72640661E+1
8.49852000E+2	-8.74291893E+1
8.49856500E+2	-8.70577045E+1
8.49861000E+2	-8.66194806E+1
8.49865500E+2	-8.77854101E+1
8.49870000E+2	-8.77878307E+1
8.49874500E+2	-8.75416714E+1
8.49879000E+2	-8.68301388E+1
8.49883500E+2	-8.76119250E+1
8.49888000E+2	-8.82167922E+1
8.49892500E+2	-8.80784697E+1
8.49897000E+2	-8.80349826E+1
8.49901500E+2	-8.71503369E+1
8.49906000E+2	-8.71051561E+1
8.49910500E+2	-8.74517958E+1
8.49915000E+2	-8.76284722E+1
8.49919500E+2	-8.72422168E+1
8.49924000E+2	-8.73645020E+1
8.49928500E+2	-8.79260567E+1
8.49933000E+2	-8.72330364E+1
8.49937500E+2	-8.73507467E+1
8.49942000E+2	-8.78578889E+1
8.49946500E+2	-8.69361434E+1
8.49951000E+2	-8.67493538E+1
8.49955500E+2	-8.75259392E+1
8.49960000E+2	-8.79109927E+1
8.49964500E+2	-8.74565176E+1
8.49969000E+2	-8.75682377E+1
8.49973500E+2	-8.79585282E+1
8.49978000E+2	-8.75617500E+1
8.49982500E+2	-8.76153975E+1
8.49987000E+2	-8.72116772E+1
8.49991500E+2	-8.72143251E+1
8.49996000E+2	-8.70162949E+1
8.50000500E+2	-8.78498870E+1
8.50005000E+2	-8.78980311E+1
8.50009500E+2	-8.77400214E+1
8.50014000E+2	-8.78786074E+1
8.50018500E+2	-8.77045685E+1
8.50023000E+2	-8.73614829E+1
8.50027500E+2	-8.77982836E+1
8.50032000E+2	-8.76334727E+1
8.50036500E+2	-8.79002739E+1
8.50041000E+2	-8.73916425E+1
8.50045500E+2	-8.76372420E+1
8.50050000E+2	-8.75612952E+1
8.50054500E+2	-8.80702531E+1
8.50059000E+2	-8.71407909E+1
8.50063500E+2	-8.74345548E+1
8.50068000E+2	-8.77664982E+1
8.50072500E+2	-8.71786165E+1
8.50077000E+2	-8.72609213E+1
8.50081500E+2	-8.71962767E+1
8.50086000E+2	-8.64924597E+1
8.50090500E+2	-8.66397895E+1
8.50095000E+2	-8.70966358E+1
8.50099500E+2	-8.68222828E+1
8.50104000E+2	-8.68260696E+1
8.50108500E+2	-8.75131271E+1
8.50113000E+2	-8.76262479E+1
8.50117500E+2	-8.75047502E+1
8.50122000E+2	-8.75447174E+1
8.50126500E+2	-8.75144254E+1
8.50131000E+2	-8.71293237E+1
8.50135500E+2	-8.74419121E+1
8.50140000E+2	-8.73013083E+1
8.50144500E+2	-8.80072089E+1
8.50149000E+2	-8.79770370E+1
8.50153500E+2	-8.71543788E+1
8.50158000E+2	-8.71600147E+1
8.50162500E+2	-8.76690208E+1
8.50167000E+2	-8.79630759E+1
8.50171500E+2	-8.63432410E+1
8.50176000E+2	-8.69989652E+1
8.50180500E+2	-8.72834375E+1
8.50185000E+2	-8.71805846E+1
8.50189500E+2	-8.73413347E+1
8.50194000E+2	-8.69103991E+1
8.50198500E+2	-8.71132192E+1
8.50203000E+2	-8.71441322E+1
8.50207500E+2	-8.71165554E+1
8.50212000E+2	-8.77045817E+1
8.50216500E+2	-8.71096502E+1
8.50221000E+2	-8.78372888E+1
8.50225500E+2	-8.72921463E+1
8.50230000E+2	-8.72972885E+1
8.50234500E+2	-8.75576551E+1
8.50239000E+2	-8.78623082E+1
8.50243500E+2	-8.75276088E+1
8.50248000E+2	-8.73038268E+1
8.50252500E+2	-8.76767057E+1
8.50257000E+2	-8.73266045E+1
8.50261500E+2	-8.73646620E+1
8.50266000E+2	-8.71664914E+1
8.50270500E+2	-8.71888016E+1
8.50275000E+2	-8.73759290E+1
8.50279500E+2	-8.69981328E+1
8.50284000E+2	-8.80365966E+1
8.50288500E+2	-8.83389459E+1
8.50293000E+2	-8.76462059E+1
8.50297500E+2	-8.75928418E+1
8.50302000E+2	-8.75729203E+1
8.50306500E+2	-8.81373054E+1
8.50311000E+2	-8.73717729E+1
8.50315500E+2	-8.70626177E+1
8.50320000E+2	-8.69235703E+1
8.50324500E+2	-8.66968100E+1
8.50329000E+2	-8.75670490E+1
8.50333500E+2	-8.76513748E+1
8.50338000E+2	-8.77709928E+1
8.50342500E+2	-8.75675490E+1
8.50347000E+2	-8.79511857E+1
8.50351500E+2	-8.74655804E+1
8.50356000E+2	-8.71437167E+1
8.50360500E+2	-8.71099400E+1
8.50365000E+2	-8.77274421E+1
8.50369500E+2	-8.72405121E+1
8.50374000E+2	-8.82891273E+1
8.50378500E+2	-8.72323009E+1
8.50383000E+2	-8.72536967E+1
8.50387500E+2	-8.74090997E+1
8.50392000E+2	-8.73674432E+1
8.50396500E+2	-8.76522902E+1
8.50401000E+2	-8.78141301E+1
8.50405500E+2	-8.71996046E+1
8.50410000E+2	-8.68062051E+1
8.50414500E+2	-8.75813943E+1
8.50419000E+2	-8.74798324E+1
8.50423500E+2	-8.79599214E+1
8.50428000E+2	-8.77355404E+1
8.50432500E+2	-8.70982001E+1
8.50437000E+2	-8.84610096E+1
8.50441500E+2	-8.75449275E+1
8.50446000E+2	-8.78455537E+1
8.50450500E+2	-8.76418012E+1
8.50455000E+2	-8.78113948E+1
8.50459500E+2	-8.77136090E+1
8.50464000E+2	-8.76038541E+1
8.50468500E+2	-8.76797992E+1
8.50473000E+2	-8.78819830E+1
8.50477500E+2	-8.73596937E+1
8.50482000E+2	-8.80581828E+1
8.50486500E+2	-8.76825363E+1
8.50491000E+2	-8.71633215E+1
8.50495500E+2	-8.72589412E+1
8.50500000E+2	-8.79180280E+1
